,B cell,Dendritic,Endothelial,Fibroblast,Macrophage,Mast,T cell,myocyte,other,tumor
TCGA-BB-4224-01A,0.11015460161850492,0.08227573764686122,0.09058049141577401,0.07377182999792296,0.09213440366854529,0.06289779871704654,0.04830301039319486,0.017254622430707554,0.06230218239547719,0.36032532171596543
TCGA-H7-7774-01A,0.10948672576254652,0.07563719202972323,0.07634622518636175,0.07507211624781349,0.09639253219996022,0.06837751511298551,0.0533829991961671,0.005999442029915556,0.07080885468374316,0.36849639755078334
TCGA-CV-6943-01A,0.13084046201843516,0.0729670196158772,0.06804536601270636,0.06209940209727158,0.136764324036284,0.07405072788644892,0.056634578831483734,0.015060380544672037,0.05186850409340593,0.33166923486341504
TCGA-CN-5374-01A,0.10747411059801777,0.07877792278969845,0.09111110681815984,0.06503509721923124,0.11507925950401673,0.05256863371082226,0.066566918825228,0.0070954096923114525,0.2746396372700408,0.1416519035724734
TCGA-CQ-6227-01A,0.11883345250265809,0.07099851246561344,0.06776287290347657,0.04393061508015874,0.09918318840849055,0.06012211772156643,0.05533326720560533,0.008572941998326323,0.04929105374906015,0.42597197796504427
TCGA-CV-6959-01A,0.12561158009377066,0.07427970295601331,0.06635186310099211,0.0508052254988384,0.09717633863769745,0.06999648564075152,0.04121555765468753,0.014872354918145592,0.054102437555529966,0.4055884539435735
TCGA-F7-A61V-01A,0.10696357151541452,0.06328647462463947,0.0841246455045312,0.07622076071267525,0.08987799509979615,0.06239424186954735,0.05274975965243975,0.0228523370795214,0.07597921819077269,0.36555099575066247
TCGA-CV-7413-01A,0.11769668800451115,0.08410006954520655,0.08401603094246511,0.04426615707129389,0.10695753841646344,0.06711295278507895,0.04789587926996514,0.009085265324816388,0.04535445322006648,0.3935149654201331
TCGA-CV-7247-01A,0.11156753310639916,0.06890028906178965,0.08805768408451323,0.0676827163752376,0.08593389305371213,0.06288007170309917,0.050081802402765115,0.04276543454561069,0.03787749308088247,0.3842530825859908
TCGA-CR-5249-01A,0.1288228477903417,0.05859525079854865,0.08310691305506823,0.05956308046800693,0.10971954613572311,0.07300842508894757,0.052527382838536196,0.01779903732399008,0.17434935206376428,0.24250816443707326
TCGA-CQ-5331-01A,0.12291646859824376,0.06232388684483829,0.08262731615466024,0.07810696102837011,0.1082111373644763,0.0651976096616279,0.05327617649128614,0.01598521070480384,0.04620843190758441,0.36514680124410903
TCGA-BB-8601-01A,0.10290399570535334,0.07827055928169174,0.08129008597445957,0.08823663221622254,0.06428951571019478,0.06866307284451637,0.06803355505751975,0.026831550378357327,0.09489665146113829,0.32658438137054635
TCGA-CV-A45W-01A,0.11585405984222813,0.07568198003248772,0.08783487409286975,0.07917336023348155,0.09596838742441281,0.06352979600876862,0.05861923317835954,0.006792530793572849,0.0741643484181809,0.34238142997563814
TCGA-CQ-7063-01A,0.11555964316687765,0.07801809492356969,0.08998281076605387,0.0874838458424399,0.09283508071554324,0.06699333324086386,0.06530607638751917,0.00606914491667141,0.06391667969114666,0.33383529034931464
TCGA-CN-5373-01A,0.04875999955103381,0.08914060731151918,0.10208851530330665,0.04499288377362662,0.10366208613110243,0.07240695384614815,0.05925039482333872,0.007109791189581598,0.08493382452615666,0.3876549435441861
TCGA-CV-A45T-01A,0.1185183005004054,0.07094843224286379,0.07783726820440413,0.06360205090983297,0.10027036599101291,0.0631179374320528,0.0576223001806946,0.011413414593871648,0.0688025618556724,0.3678673680891894
TCGA-HD-A4C1-01A,0.06261744296754249,0.07645143915018697,0.0926262594276526,0.08117682226721518,0.09466762528789165,0.06341299629792353,0.054929777127924066,0.011374077058948157,0.07556361052719193,0.38717994988752347
TCGA-CV-7438-11A,0.11812103926556063,0.07488448393472204,0.08807759876925808,0.04865550311171258,0.08779034166296822,0.06501671520907377,0.05548164610681525,0.00738330410861033,0.05719916024578253,0.3973902075854965
TCGA-CV-5444-01A,0.13168980581717832,0.05584279288525493,0.07417593585770813,0.09409600074252658,0.13038705117938384,0.0743130757425801,0.06803083985252556,0.05703815880792019,0.07858362222496044,0.23584271688996208
TCGA-BA-5556-01A,0.11219865464808082,0.06411611793862104,0.08622225287605931,0.06546745241497692,0.10362489848229972,0.06965746222705867,0.05170489768866037,0.017725140927185076,0.030897741590844855,0.3983853812062133
TCGA-P3-A6SX-01A,0.10662406674984676,0.07563479376523237,0.08619965273492651,0.06378708173896269,0.07349379711890738,0.06666449043654626,0.05071958101213167,0.02239562489790823,0.04834611766662621,0.4061347938789119
TCGA-CV-7242-11A,0.11694649779149982,0.07703874754346664,0.08193964825455921,0.05101512938492414,0.0836070120838826,0.06061031323592203,0.04969358036382733,0.014990366134279664,0.13790585302707087,0.3262528521805677
TCGA-DQ-7592-01A,0.11483849810857001,0.06624803522952048,0.08483431941085888,0.0446907657420461,0.09718396144769417,0.06086441825938649,0.04614240622997024,0.015987506810549303,0.05144295191013478,0.4177671368512697
TCGA-CV-6937-01A,0.07121610501428151,0.07791825696248932,0.08222937949403533,0.08708530787509362,0.0817356093483572,0.06546830729622918,0.07294362594947243,0.028312918575444115,0.09334017081345893,0.3397503186711385
TCGA-QK-A8ZB-01A,0.11675099400937082,0.0767174631351668,0.07894553480250177,0.04226374517721598,0.09641482283118293,0.06316550343772472,0.03880193800472613,0.01194875859474238,0.05354135358227603,0.4214498864250924
TCGA-CV-7432-01A,0.10786149507008917,0.07029391397136842,0.08281540174343639,0.0735727712893712,0.0855876641116508,0.06324808744243203,0.04843626361136654,0.008345691107051995,0.06547658359909161,0.394362128054142
TCGA-CV-7089-01A,0.05415608191539249,0.08002453845711625,0.08972734344785925,0.07717659559853685,0.09495482511278615,0.06895940584033537,0.06695415733847922,0.008048687655848102,0.06682874222892762,0.39316962240471864
TCGA-CV-6939-11A,0.10102549063289358,0.06483409397400323,0.10468473689323826,0.10333438745109919,0.09395980437367771,0.03858367424141304,0.06124549224965911,0.2117488026983505,0.11565991141238878,0.10492360607327668
TCGA-BA-4075-01A,0.09613965690770634,0.07766902741154325,0.08776144513074097,0.07291996568444578,0.09473883629489117,0.06049262559035392,0.051105829468516155,0.018477033265000407,0.06748941845503754,0.37320616179176447
TCGA-T3-A92M-01A,0.06429427163176256,0.07946208912326269,0.09229221576264963,0.06399722754366977,0.10409624220139077,0.05962707257345145,0.07699978660357319,0.005455961087960542,0.07357527383305065,0.38019985963922864
TCGA-BA-4078-01A,0.07256494650097639,0.06803803959384079,0.07896151291729032,0.028644589472057332,0.09774485936095909,0.06309885398426023,0.04641223377446885,0.022623468509668624,0.16046858561745903,0.3614429102690193
TCGA-CV-7100-01A,0.11618186373802722,0.09202403630879553,0.07329872967258053,0.06820208108268341,0.1020355343435613,0.028602237834077726,0.05577045195083241,0.008008605627589432,0.12372632865465791,0.3321501307871944
TCGA-MZ-A7D7-01A,0.09137372058887189,0.07004175324823747,0.07004943431163847,0.09604125763526894,0.07923710694754946,0.028542460325871825,0.06859061624656984,0.030644925244510176,0.08633492504059732,0.3791438004108845
TCGA-QK-A652-01A,0.04488466200865878,0.06925650541480187,0.07995339847987173,0.07314185424218779,0.1218041277242344,0.06833699498376049,0.04373123239774266,0.017641114395343122,0.07583902646097589,0.40541108389242314
TCGA-CV-6433-01A,0.12497843749218215,0.0654498173018912,0.090498229744206,0.10426787193171132,0.10767147873109392,0.06488239980246215,0.06528799362257484,0.0076081486273889675,0.059416284274365835,0.3099393384721235
TCGA-CV-7416-01A,0.11575716163144995,0.06701473118813558,0.11149959951940587,0.09693395133118805,0.07918562632522867,0.06411664703046666,0.043556900892343355,0.009803697110974391,0.04744974620265263,0.3646819387681548
TCGA-CV-A6JY-01A,0.10502776516446227,0.07620122050118944,0.0812285178899728,0.09159746889721886,0.08493238545720266,0.06464859829331168,0.06176781740364095,0.018730583838475215,0.08176271754640028,0.3341029250081257
TCGA-CR-7399-01A,0.12727459089171655,0.04791146729948356,0.09200774832851863,0.06821440434779322,0.12048087268065868,0.06156976810816568,0.056350325510104084,0.01468048353254523,0.0533139358479713,0.3581964034530432
TCGA-CV-7568-01A,0.12647770747512949,0.08689394086551308,0.08430387324457542,0.04140983991252176,0.10615597852420194,0.07237473077354538,0.05555773299558162,0.008857826982147467,0.03459925532274421,0.38336911390403977
TCGA-KU-A66S-01A,0.10994307214694216,0.08139113675755302,0.10084389944952189,0.07020110079263794,0.09715595188488277,0.06325704915981951,0.04895433239005115,0.012255256320115942,0.060180510634031396,0.3558176904644443
TCGA-QK-A6VC-01A,0.12669642598130557,0.06568782207963901,0.07407669107904129,0.07134097401391515,0.09774719344716887,0.06657510409219566,0.0699995933980326,0.009013641435003265,0.15711231890533825,0.26175023556836025
TCGA-CN-6998-01A,0.10782779242759903,0.06367739552698672,0.08372381997448318,0.06483757880597217,0.08507414446628003,0.06693065307586861,0.04839684807216585,0.009993848710565701,0.05863145148161193,0.4109064674584669
TCGA-CV-6941-01A,0.1092690648247346,0.07507855810752027,0.08569989900099859,0.05764059544375981,0.0972012772571659,0.07123909697643573,0.046266113731752156,0.009459763381192574,0.05772501630311614,0.3904206149733243
TCGA-CN-4727-01A,0.05945642481815967,0.07857788242087499,0.09456180548788166,0.08458859122279662,0.0779495076558443,0.06650768456486278,0.05741485678283529,0.012581218325480781,0.08892455128728717,0.3794374774339767
TCGA-BB-A5HY-01A,0.07151861008632245,0.08163649041376843,0.08741581909099605,0.08551109877275709,0.08328257802788132,0.06435061322991889,0.06830224470937807,0.020945615327960722,0.08813142644098297,0.34890550390003405
TCGA-CV-7263-01A,0.11402304695464893,0.06648219107756409,0.11075216548256211,0.09977965862248107,0.08844011106798531,0.059902043597057704,0.04556987245770477,0.009651773470289298,0.043132614117285965,0.3622665231524208
TCGA-H7-A76A-01A,0.13484723618046876,0.056433845775038356,0.0842201951517377,0.08879925928746472,0.12525788836785595,0.0763980992050843,0.0727055714013938,0.006254325829259432,0.1083149671055564,0.24676861169614067
TCGA-CN-4723-01A,0.11107540516946438,0.07276127893691121,0.08094601373162588,0.05814942013657601,0.10061649773351175,0.06689183021962615,0.048319919769953,0.009514640331495105,0.053051376552372326,0.3986736174184642
TCGA-CN-6997-01A,0.10425585221647148,0.07161894463187903,0.08778001471605575,0.04883881079071657,0.0948507526569102,0.06857566006470674,0.04484791571202527,0.011976601809525436,0.05040152752211354,0.416853919879596
TCGA-CN-5364-01A,0.02726468693507979,0.08096538482150523,0.08284539196030463,0.05498301642313446,0.09292759951075553,0.06355950137417928,0.04477297315123649,0.023420775478777023,0.18010614553480325,0.3491545248102243
TCGA-CN-A63V-01A,0.10736083289449953,0.07190616621634126,0.08192892841613368,0.06746537454238871,0.0945077059467691,0.06427146094854341,0.05373519853221516,0.019475432831389063,0.05203319975196062,0.38731569991975945
TCGA-CQ-5325-01A,0.12282823483507455,0.09069649906846419,0.08747978955724504,0.08578802272226074,0.10489205810075451,0.06822727888710486,0.068338813553679,0.03209502792598574,0.07666383869449286,0.2629904366549385
TCGA-CR-7386-01A,0.12525910738640816,0.060916880615277384,0.08019628452313939,0.06182231861244247,0.11444855768662601,0.07230003108106765,0.06808673414528518,0.011638006617141454,0.07449407762352356,0.3308380017090888
TCGA-CX-A4AQ-01A,0.10316474026607292,0.0697580454746104,0.11416125175197019,0.1211188529883031,0.10054902012817289,0.06661920540306769,0.09209003528063398,0.02257739585787812,0.08467607577955931,0.22528537706973137
TCGA-QK-A64Z-01A,0.11280278418056895,0.0698815191131003,0.08963809365318474,0.0673820052320147,0.09555477661386995,0.07342508989149099,0.04304821701123827,0.006403802429359326,0.059741799545306645,0.38212191232986614
TCGA-BB-4225-01A,0.05980171372421096,0.053671476537376216,0.1266364335945823,0.09417935350050016,0.1001853051127113,0.07085203135229581,0.0796777237279318,0.007318075431690962,0.07060954874722945,0.3370683382714711
TCGA-CV-7183-11A,0.10731344134722418,0.07469205283248415,0.08030726710083701,0.09183711015640217,0.08232951579452302,0.06285906176825058,0.06547623308230165,0.012278284792556007,0.08163204782869264,0.34127498529672845
TCGA-T2-A6WZ-01A,0.10451458112385527,0.07443601519107283,0.07832651015779339,0.089036754788742,0.08757541756271046,0.05963534439755416,0.06862018136312274,0.03950510389200663,0.09331020216068789,0.30503988936245474
TCGA-HD-8314-01A,0.08216623619744556,0.07825159195549422,0.09830990322134685,0.06687233931229958,0.10645219782216103,0.057741153516721586,0.06595971248817364,0.05952252113277951,0.242202160106283,0.1425221842472951
TCGA-CR-6473-01A,0.10631560719709582,0.06497404083583112,0.07875059202927404,0.07810154185365188,0.09027666681813677,0.06507499475041775,0.06383863404327904,0.012260595424496657,0.07003636670013728,0.3703709603476796
TCGA-CN-A642-01A,0.11848156746972567,0.07376371827193921,0.06460424965056509,0.0859244998372637,0.0888942597214664,0.06856459235793277,0.06344841868520625,0.015329098094337917,0.06850098179223965,0.3524886141193233
TCGA-BB-A6UO-01A,0.10569582313310413,0.0735456602250856,0.09397517552015563,0.07141964519178484,0.09372230284893236,0.061271053322391196,0.048930990017927056,0.020124029376962605,0.06186262165235792,0.36945269871129843
TCGA-DQ-7591-01A,0.1265425661533543,0.07541273241435881,0.09493157084016163,0.08873391568626202,0.10550200203537434,0.05572320598975252,0.06982153899073221,0.0063140816644737165,0.17512767999061704,0.20189070623491343
TCGA-CR-7398-01A,0.10407758114030205,0.07788481511166008,0.08183601367745197,0.05354173098000017,0.1021342587769718,0.06828689951920923,0.06379403984922927,0.00853721112671091,0.04890739078158563,0.3910000590368788
TCGA-HD-8634-01A,0.1056087181394758,0.07454942163758059,0.08733729805915631,0.07900463661396942,0.08941829749866378,0.06564351836896447,0.05652179222802595,0.019444501510326083,0.07162781314518442,0.3508440027986532
TCGA-CR-7372-01A,0.11109834035619086,0.07558457978678232,0.0872157689203314,0.04999139141862707,0.09958516873586633,0.06654701306689816,0.04789970924078391,0.014007052217555436,0.05957439706091669,0.3884965791960478
TCGA-HD-8224-01A,0.10786908673114286,0.061111608246567924,0.09651797943246163,0.06614494371395245,0.10187260533255878,0.051909727415261786,0.054311376235801005,0.06258828342915566,0.2461089603879524,0.15156542907514545
TCGA-BA-4074-01A,0.1177157096506588,0.07379216971160357,0.07892576975297605,0.03308581529798281,0.10119540368147373,0.051872419567528534,0.04546550903589097,0.01374098871843716,0.1613805236704375,0.32282569091301083
TCGA-CV-6961-11A,0.10238890881085849,0.07408115866025264,0.0900251992705922,0.08270528926754533,0.08543754723871619,0.05910199387564263,0.055328069515051384,0.022780626727142823,0.07963763306960578,0.34851357356459256
TCGA-BB-A5HZ-01A,0.10385729138733794,0.06542114852000859,0.09080346102888338,0.07396109595599958,0.08361940168790057,0.06423104984667902,0.057630994576489604,0.018204426016570276,0.07055576991233768,0.37171536106779324
TCGA-CQ-5332-01A,0.10082936824649533,0.07787706972480966,0.0894603372484074,0.07089919967029153,0.09662841858236684,0.056656364176665135,0.06210738563133284,0.012079964440456257,0.07226732729686328,0.3611945649823117
TCGA-CR-7380-01A,0.061565751066549664,0.07703423373967028,0.10191776924145234,0.05581309799975895,0.10531688298685112,0.06596036259018347,0.060845383064645354,0.01341178936794972,0.08822724513654087,0.3699074848063983
TCGA-CV-6936-01A,0.0690992332754504,0.07951172864508507,0.10392465105418622,0.079262797312604,0.08305770150662083,0.07236994284039368,0.0535162960085358,0.009392925705877938,0.06378011445117215,0.3860846092000739
TCGA-MZ-A6I9-01A,0.11295222657669224,0.07168968764575687,0.09888966824168781,0.08850879186878075,0.08358791014479848,0.05630879293343196,0.052583469875183086,0.00992592700880232,0.19683111118182764,0.2287224145230388
TCGA-QK-AA3J-01A,0.07347323235401451,0.08731589395050693,0.086497803141429,0.047411106694812744,0.0918448351493021,0.06064247083439085,0.03866702161204068,0.016728305833027916,0.14272262167563984,0.3546967087548355
TCGA-BA-4077-01B,0.11912314197295097,0.08424444236780906,0.08997328445763937,0.06108466989128316,0.1001468353237283,0.0714197305576023,0.060507104909606854,0.006196491451425338,0.056909747554579705,0.35039455151337484
TCGA-CQ-A4C7-01A,0.11000988202274044,0.07256304665264457,0.07470011168335552,0.06756444514687968,0.10042705497792433,0.0617590211459227,0.05528518475598381,0.017522651677130793,0.07160302910095366,0.3685655728364645
TCGA-CV-7422-01A,0.1086980416337595,0.07161402728877922,0.08652521605612981,0.059902928150966525,0.09657971527935276,0.05983656888524075,0.04474271843111301,0.01074447980286757,0.049244059047761295,0.41211224542402947
TCGA-CQ-A4CB-01A,0.10723616012307896,0.07174531569963848,0.08850729996608486,0.06951055117017159,0.10016404653511563,0.05779209720439258,0.05584032912015181,0.008041353756695235,0.0680040384369549,0.37315880798771595
TCGA-F7-7848-01A,0.10871965654404872,0.0807594955410228,0.08316932042733667,0.0406585845423869,0.10259217985236276,0.05310997353655399,0.04790263406155148,0.016945223709873253,0.24441029370001038,0.22173263808485313
TCGA-CR-7392-01A,0.04516299939551381,0.09055072996424378,0.08771080988545817,0.0740586034721368,0.10055528524332703,0.07006608693705482,0.0632867058988347,0.008492342795516684,0.08378799547652098,0.3763284409313934
TCGA-CV-7178-11A,0.12069286489255845,0.08200855551581776,0.09092682717729242,0.07763431660415099,0.07905990545459582,0.06502436434085877,0.05387321288857744,0.01201409418171179,0.09295273552552857,0.32581312341890806
TCGA-QK-A6VB-01A,0.05795942601185012,0.07994123250054136,0.10025920572862244,0.07510603735433752,0.08249020491701523,0.06156592187573421,0.05362169946449236,0.008874482813551951,0.08327825872663204,0.3969035306072227
TCGA-CX-7082-01A,0.04154846537018186,0.07944184871326278,0.11906663159855375,0.08922241451427909,0.0907172002011256,0.06346049409564396,0.054307724518711985,0.013203063510337275,0.036981171160695055,0.4120509863172087
TCGA-CV-7414-01A,0.026181635774911102,0.07905779857544554,0.08273412389278549,0.049308691351761094,0.08291161774567955,0.06752086750067005,0.05292386086927752,0.0161629108880123,0.1645773324988977,0.37862116090255976
TCGA-CN-A63W-01A,0.10650844294960583,0.07762551433526504,0.07904211471231366,0.06451885577783836,0.08862616542595303,0.06521895791320197,0.0528609957482069,0.009016471978569238,0.06565344372395641,0.3909290374350895
TCGA-BA-5557-01A,0.11646510439654303,0.06886838610803458,0.07784841914509558,0.038827484743085006,0.10738976015324413,0.06497710185996887,0.049184311354372595,0.012346989795609047,0.056691845800380884,0.4074005966436664
TCGA-CV-7435-01A,0.11095229250344046,0.06948150705219819,0.08578766305823736,0.044311887376867566,0.10023628859023832,0.06243139660392418,0.04694967587107215,0.011510087884439928,0.05567596695145633,0.41266323410812566
TCGA-UF-A7JT-01A,0.12878053408134885,0.04888452343563615,0.06989672250847138,0.062212890633630086,0.10145426864660578,0.06696512734005554,0.060955067150923435,0.008926506516891298,0.07223721299398332,0.3796871466924542
TCGA-QK-A6IF-01A,0.07262197257077276,0.07740982046956507,0.11583226117388502,0.09852238053795145,0.08195999367475502,0.06636305087206568,0.08964767671723689,0.01390261758090715,0.1291469087080594,0.2545933176948013
TCGA-QK-A6IJ-01A,0.10887884184732406,0.07190296082298174,0.07809693873269576,0.07721961177835177,0.09036529260262885,0.06193527638307777,0.06349634908742345,0.016508557170897872,0.089302492153017,0.3422936794216018
TCGA-CV-7248-01A,0.11176629012537681,0.06718924573691845,0.08544594242664923,0.04939346731895915,0.09670181803082895,0.06487986510218835,0.04684745123558038,0.013826605345244117,0.043115388675202225,0.42083392600305236
TCGA-CV-7101-11A,0.11502489136001855,0.07724222149400561,0.080152105478957,0.06645665253196846,0.07202813528825366,0.06439908053261575,0.04287251725373357,0.01064874793856682,0.12445853779101473,0.3467171103308659
TCGA-H7-A6C4-11A,0.10180047807048105,0.06910163092008796,0.08473621708190308,0.10414665871363787,0.09052815491886512,0.044693841311415336,0.06454036433580987,0.19357740970536108,0.08810331923466708,0.15877192570777157
TCGA-CV-6942-01A,0.07832546955900056,0.07100912276026936,0.07314498695953603,0.05285881456779359,0.11419417631810319,0.059192038222529615,0.048982892394794995,0.012237078310646438,0.22808724286962717,0.261968178037699
TCGA-RS-A6TP-01A,0.12545749893233377,0.07359716724987253,0.07132562921760761,0.07919042696201353,0.09228133552216523,0.07047450680349605,0.05048632346457099,0.009129864272883153,0.053030855919849865,0.3750263916552072
TCGA-CV-7091-11A,0.10104513115186228,0.06141349363665982,0.11299847267996675,0.11590005810667245,0.09564659275772876,0.041408489634780436,0.07408442657758858,0.2129928863209136,0.11578596591742796,0.06872448321639942
TCGA-D6-A6EM-01A,0.12191037152877274,0.07317026986626622,0.0606956052296004,0.0961495038551591,0.09844067544340586,0.06449205031615464,0.07210298354550873,0.04629986441713493,0.06629315820039226,0.30044551759760507
TCGA-CV-7101-01A,0.06575759630606748,0.08143170559260078,0.08603521506852337,0.05249762664933805,0.09912723285168192,0.06450012507741383,0.0396346208554406,0.024582549188816128,0.08018958373769422,0.40624374467242363
TCGA-CR-7371-01A,0.11111180464468258,0.07096151680434368,0.08289080448838365,0.050305847542506034,0.10072269796428698,0.0639099016256398,0.04994158270514286,0.012574481691100568,0.05625881509332729,0.4013225474405865
TCGA-CQ-5329-01A,0.11258907605483673,0.0812298030374783,0.0716225503734596,0.07386842645194369,0.09265289608403922,0.06517612418162225,0.05710324412225513,0.014232275741035926,0.07736808129678685,0.35415752265654227
TCGA-H7-8502-01A,0.10429081781279245,0.07393199905879953,0.09373437631311346,0.07545824617729135,0.09357363444535219,0.04638119177564754,0.054158476376538534,0.024060254620775684,0.06603363516604212,0.36837736825364703
TCGA-CN-6989-01A,0.12329581929465212,0.0702292991200384,0.07943705849973126,0.03717854390268668,0.10716996678196689,0.05858839846719921,0.05133929701812885,0.01574331428965383,0.05265613417940024,0.40436216844654277
TCGA-CN-5360-01A,0.12408586481011841,0.07321399713616407,0.10002921904663464,0.0792579176774569,0.1065633882676514,0.06645511513413337,0.057529428773185745,0.0071181576334976475,0.05693709117378158,0.32880982034737627
TCGA-CV-7097-11A,0.06581479325598417,0.06947748098724635,0.0939440066790405,0.0837537962277879,0.11274259108560712,0.04889338555284431,0.0594843646776961,0.17178890771949604,0.17501777301938912,0.11908290079490852
TCGA-CV-7429-01A,0.12188012837874125,0.07140636981618081,0.07013620494822216,0.04043588658347141,0.10540277924752216,0.06490833700738992,0.05892661136300534,0.012561210014504684,0.13747701295581935,0.3168654596851428
TCGA-H7-A6C4-01A,0.12167198568803753,0.06998457402193677,0.0631851193232047,0.0567341598551462,0.10256523323905643,0.0687566871866268,0.052841419173116036,0.035131029315312944,0.0698166862605573,0.3593131059370053
TCGA-BA-5153-01A,0.06893861536535445,0.08239230972286625,0.10731793574485969,0.1041065850594558,0.07172725262229912,0.06787354165876908,0.0866226849803527,0.00508751077821433,0.08382591798217853,0.3221076460856499
TCGA-BB-8596-01A,0.03741203066440181,0.08486614206712194,0.10022128982614956,0.058092071989447325,0.09114124781135327,0.0670146921334528,0.06473314342359571,0.012422044416151521,0.1759051676800101,0.30819216998831594
TCGA-CR-7369-01A,0.10639075954676641,0.07365268153753436,0.0853625473079293,0.05539540240109029,0.09680258854179843,0.0670821485219672,0.04993182675005211,0.010099386496855316,0.052045055090739104,0.4032376038052676
TCGA-CQ-7071-01A,0.07858756884464893,0.06336583854587076,0.09488480689135184,0.081719237152294,0.09801476476416787,0.06388393514390629,0.057469883150662045,0.005685018506074911,0.08036973217788757,0.37601921482313583
TCGA-BA-A6DB-01A,0.11129092017754492,0.08511862425433658,0.08710069622055587,0.08688840165027363,0.09417852820123983,0.0614276378717849,0.061671028562419135,0.051771282000843126,0.08581478926667878,0.2747380917943232
TCGA-CV-A6K1-01A,0.10735389531765342,0.07129451224520426,0.07609916604099665,0.0766084820481123,0.09545436571956485,0.06023533313202017,0.0587459755113009,0.015884052940878995,0.07974903121601387,0.35857518582825454
TCGA-MT-A51X-01A,0.11122697367163063,0.07468807317404193,0.08604307878021437,0.06811667069333335,0.0943188696699292,0.06719405837610254,0.042810013149646504,0.01372958835189987,0.06862360429729972,0.37324906983590184
TCGA-4P-AA8J-01A,0.11672724369325747,0.07906798575858838,0.04994808652970934,0.06466162456486672,0.11625769982237509,0.06831864520458422,0.06026256374181079,0.025479718104195057,0.06676718734779545,0.35250924523281757
TCGA-CV-5439-01A,0.11792486101926035,0.07927240900367132,0.08079639124059367,0.08191658468039228,0.08279028995174453,0.06911856554379144,0.057081207327768085,0.009680404594927907,0.0718583080828742,0.3495609785549763
TCGA-BA-A4IF-01A,0.10705788648042229,0.06652522281631806,0.08326251541722664,0.07079331884474259,0.0882855022739698,0.06302406476516909,0.05554022799995678,0.018485703849466552,0.07459022603745669,0.37243533151527153
TCGA-D6-A4Z9-01A,0.10939803158727635,0.05679530678165838,0.10959101957672099,0.08835698307155246,0.08150096020652127,0.06149907429779477,0.05011363706978431,0.02305501762218529,0.048638613850479906,0.37105135593602623
TCGA-CV-7437-01A,0.10461647069330136,0.07079251468857184,0.08152721194232644,0.07401789781537672,0.0924627928061056,0.06732549262590387,0.05303119597399002,0.006063286283037389,0.06759124527427698,0.38257189189710966
TCGA-CR-6484-01A,0.12403213711909648,0.07232353312230197,0.11106362376906322,0.07709153212740263,0.1196763940466523,0.06554139607873546,0.05882526061366474,0.010633054496065348,0.05801286072995505,0.30280020789706286
TCGA-CV-7245-01A,0.10877387638568951,0.06776437281055576,0.10647202690843342,0.07613160542590616,0.08021364226371402,0.06269999861458704,0.0483003499326349,0.0072389479464735,0.03905348133389543,0.4033516983781102
TCGA-CQ-5327-01A,0.12233353840425978,0.047918953710523175,0.07762197828498252,0.08316037641237906,0.09398744805476297,0.06611568713400727,0.05922721047474514,0.0104235984445648,0.07213763716312913,0.36707357191664614
TCGA-DQ-7588-01A,0.10870218263070518,0.07290092414459107,0.08216970616007148,0.08658432588831541,0.05597059823274232,0.06977241226811967,0.06001112014583299,0.015656112525383164,0.07356353676705622,0.37466908123718246
TCGA-CR-7373-01A,0.10389885066673735,0.07124294696682802,0.06644726501576396,0.0802147002001631,0.09522687781081965,0.06484243760487295,0.061014629244951823,0.010487584584509078,0.05995356115067515,0.3866711467546789
TCGA-CX-7085-01A,0.0794133765269028,0.08386733576231768,0.08206638955115576,0.06625059834398563,0.1135643677251501,0.07313231838548849,0.0592043301457935,0.009093487527774747,0.06866141253127074,0.3647463835001606
TCGA-F7-A50J-01A,0.10450751766443914,0.06532056668552633,0.07774911538769701,0.07469516120840995,0.0816139938990124,0.05876288888579094,0.049324565926411254,0.08237704430371504,0.05792704914721803,0.34772209689177996
TCGA-CQ-6228-01A,0.03772394686485179,0.07982637327462838,0.11433108115542735,0.08593176123204889,0.09297052253867799,0.05776223603442021,0.05147200726730539,0.008011505711846802,0.060137103717226754,0.4118334622035663
TCGA-CQ-6222-01A,0.11796965793586482,0.08037485770309455,0.0860594914955109,0.09297485414284372,0.11047081932357548,0.05576890523760646,0.05196401756921582,0.15088700702666485,0.06559363436515915,0.18793675520046438
TCGA-IQ-7630-01A,0.11144198261226573,0.06909913417756576,0.08449652397297597,0.05947618549466656,0.09626803563128053,0.0634955326754288,0.050042247195820705,0.007452577476086766,0.04804904184686968,0.4101787389170397
TCGA-CV-7103-11A,0.04473402684914783,0.08294412840942697,0.09910359976486947,0.0791654245925123,0.08463094359801825,0.0615593101561626,0.06594565262213277,0.028171190259042796,0.10131615102959726,0.3524295727190899
TCGA-D6-A6EP-01A,0.12674370953990852,0.07498528337279925,0.04555164147788251,0.10552956285085621,0.12536749308069747,0.05096396502947246,0.07726772043922375,0.05538894443756354,0.159550120095544,0.1786515596760523
TCGA-CV-7250-11A,0.05376736230223927,0.07599634794131911,0.08035187737768114,0.09123275258354126,0.09748697537205529,0.05674428140563436,0.07370397182363742,0.10669673482090206,0.2097582610982833,0.154261435274707
TCGA-D6-6825-01A,0.1195911435059952,0.06887297152120235,0.09642530889764239,0.033814949556173673,0.10371219693438312,0.07085427057041735,0.058966171163317524,0.009739849049685494,0.05441535629772661,0.3836077825034564
TCGA-CV-5432-01A,0.10086049400127191,0.07211953152441862,0.08455853852367366,0.08382892982736494,0.09135586089138525,0.061740938453866454,0.06653135371075154,0.023566397155318403,0.0745158002297966,0.3409221556821527
TCGA-CN-6013-01A,0.12159911870696295,0.07909867929801122,0.09831702994892322,0.10587935054394758,0.12463195768720364,0.0718736055690582,0.07118118432313307,0.008797923327204405,0.06359852060673869,0.25502262998881686
TCGA-CV-6939-01A,0.1343676567661948,0.055415766159699724,0.10418169806994483,0.07706768351853323,0.12245504354306123,0.07324289995103199,0.05723753610687837,0.011495437413097978,0.03707830582925284,0.3274579726423051
TCGA-CR-6477-01A,0.11480587612639494,0.06942800000814758,0.08055980828240356,0.04710193754607607,0.10572374869827261,0.061959382166576815,0.049507040947385,0.008903991866662363,0.05792308877605918,0.4040871255820219
TCGA-WA-A7H4-01A,0.10811696105672769,0.07773975243759496,0.08883730899692088,0.058650271869052535,0.10051054131456587,0.056418507867012774,0.060764573009852975,0.020926523162632236,0.16687905593193927,0.2611565043537008
TCGA-CN-5358-01A,0.1265669469426685,0.07226284739072988,0.09044822830373726,0.028305745799244875,0.12592045590350717,0.06873293304598169,0.05818214451320729,0.015575130994534388,0.06022402641222191,0.35378154069416695
TCGA-CR-7397-01A,0.1128086461318881,0.08013928964309047,0.08612733694276138,0.05645483653408458,0.09726233021389503,0.057021761772396255,0.0533832836664801,0.014417010292005534,0.06127987130772925,0.38110563349566934
TCGA-F7-A61W-01A,0.08973090143258099,0.07899657163231756,0.09086023208382449,0.07355133156917426,0.08292265410583294,0.05797239444229619,0.04497542262799202,0.0170315676140545,0.0909072214362094,0.3730517030557178
TCGA-BA-5558-01A,0.1072339363922526,0.07681569612129016,0.08425185664661136,0.0584378392901959,0.09718455441777556,0.06928088684907459,0.049550356263759525,0.010867655313080683,0.05975282556830312,0.38662439313765656
TCGA-CV-5976-01A,0.11098451973724842,0.08019477710702683,0.08589889886507228,0.050284499924502846,0.0901890959625003,0.06720997707883275,0.03492396891762135,0.00908615061078379,0.05402158291908075,0.41720652887733073
TCGA-CV-6954-01A,0.12444102269157899,0.08060115575597956,0.09043165325967864,0.05753328900684543,0.09620253187222996,0.06480429770327846,0.050442923495011775,0.01218209156684935,0.03784418934550453,0.38551684530304325
TCGA-CR-7395-01A,0.11135113188218175,0.07168116203006965,0.10126486072597894,0.09013978054441847,0.10094065253379696,0.061596914675788,0.06025098475883757,0.02171652889573898,0.06311458925251315,0.31794339470067656
TCGA-CV-7411-01A,0.07071892780045853,0.06339088199820399,0.08744314650199433,0.04842369432782883,0.07228884323180564,0.05814318531592945,0.030958843871561195,0.011314667679250023,0.21728734205376846,0.3400304672191996
TCGA-D6-A6EQ-01A,0.10575025276042162,0.07107020035121828,0.07855014124388336,0.07227517634384623,0.10069960221381892,0.05973320447531963,0.0603823791990001,0.01725182253363066,0.07422747048057234,0.3600597503982888
TCGA-CV-7095-01A,0.10384117327508445,0.07310020501799996,0.08179590470266941,0.06419782066089885,0.09299709306033199,0.06157716723743474,0.05811838623498921,0.023154817515793513,0.06517962079135385,0.3760378115034439
TCGA-CV-A463-01A,0.10716160792839809,0.07056838076784509,0.08746196721024073,0.08553907131922193,0.08667664816304635,0.06333847282223948,0.05653791046550877,0.019663626132293437,0.07364967520353889,0.3494026399876672
TCGA-CN-4722-01A,0.08969008369457845,0.07329361376983465,0.09943903013559265,0.05161736414695493,0.08359137514592482,0.06494078907737154,0.05139865356362403,0.009494454458687537,0.06127648668402882,0.4152581493234025
TCGA-QK-A8Z7-01A,0.10259049338400698,0.07637596119643054,0.09413497869478345,0.07319276766764682,0.08823542371293769,0.057177621981583424,0.061550437032393976,0.015961767267138976,0.07269117472953694,0.3580893743335413
TCGA-CV-6961-01A,0.12538475852985714,0.07834732474692682,0.07461585881847134,0.05802586925867632,0.09079283953503782,0.06989092819796426,0.03634139385901308,0.051523410587589295,0.044466452735444285,0.37061116373101965
TCGA-CN-5365-01A,0.11192108999818252,0.05771561237349696,0.09909973156007881,0.08722970608950004,0.08707747464220215,0.060130150210513614,0.054838956665579426,0.012800756062524628,0.055933944035077954,0.3732525783628439
TCGA-CR-5248-01A,0.07259514479038122,0.08038413617170984,0.12540540140718462,0.08779945552895425,0.1323130348643208,0.06510548184037332,0.06735237571554115,0.009842397665228464,0.1026897054271487,0.2565128665891577
TCGA-CV-6962-01A,0.10267633859671507,0.07210362848087688,0.11053638952220897,0.0812575950267426,0.07610688077802497,0.054932119589488945,0.051436180983985134,0.015743257911823193,0.05459747617561112,0.3806101329345231
TCGA-D6-6517-01A,0.11127655593154898,0.06044702712697433,0.093548858408697,0.05134115211501658,0.09169797840543792,0.05606759152439935,0.05170132394434093,0.013274533599559733,0.05622591934587546,0.4144190595981496
TCGA-CR-6491-01A,0.09356793466722882,0.06501934787009486,0.0814101973466398,0.06325976811516813,0.07425443418099756,0.06450837802148447,0.05328035595563073,0.011922568042879394,0.11913804666057655,0.3736389691392996
TCGA-CV-7242-01A,0.09369474287927224,0.074630746966597,0.07883149615631296,0.058915355311822334,0.09181215578647071,0.0652150092207893,0.05568185722649006,0.0161680960281747,0.057679969106207,0.4073705713178637
TCGA-CV-A45R-01A,0.0739445998597058,0.07982929059155192,0.05303063255099732,0.07333994363774567,0.1060893667212216,0.06470286480509864,0.06577053450068436,0.016552389543107122,0.07408239104777549,0.39265798674211194
TCGA-KU-A66T-01A,0.10753587602382006,0.07536635584926288,0.08524172584164873,0.07529738175519575,0.07243834176890447,0.06946985451249663,0.04867557642172187,0.005986706120166198,0.07012303342635956,0.3898651482804239
TCGA-BB-4223-01A,0.04379759852643735,0.08412270578190799,0.08636295857940561,0.07017744884463566,0.1044072197821294,0.05948198425499916,0.08314003385814096,0.012424499489366162,0.2461958668047562,0.20988968407822142
TCGA-CV-A468-01A,0.1295128180430589,0.0829114987608229,0.08790227628431932,0.04014347429001241,0.11462401073250376,0.07043563031842931,0.06363868377051903,0.011770381447994938,0.06577416915829351,0.33328705719404583
TCGA-D6-6516-01A,0.11175100549447262,0.07001315861546376,0.08228204692199793,0.06266126336075001,0.09675164233126088,0.0677535445756967,0.0530298755964717,0.004337706251018495,0.05934123994314106,0.3920785169097268
TCGA-CQ-6219-01A,0.053285900838231766,0.08876275805159077,0.10099297072715631,0.08963380845157545,0.09135164860017556,0.0737373528737819,0.06548156232506783,0.01042625206076646,0.05288548717748725,0.37344225889416666
TCGA-CR-6467-01A,0.11734718247570658,0.06576723671523492,0.08361888285476611,0.0444958137901173,0.11514185663700702,0.05986080574617368,0.05154506538123394,0.022951661878131257,0.2226648508121851,0.21660664370944419
TCGA-CN-A497-01A,0.11435721901821137,0.06440096799238296,0.09172917976113205,0.07335387561977087,0.08801780792338247,0.06688385527702427,0.06362993844413563,0.0071186158700462625,0.07585224968695355,0.35465629040696056
TCGA-HD-A6I0-11A,0.11557775553393042,0.08002425237309206,0.0585026019498672,0.07850049933710389,0.12207654132461188,0.059536660487165265,0.06479392270651609,0.06880627734970891,0.06717334792636065,0.2850081410116437
TCGA-P3-A5QE-01A,0.1230502097269305,0.08062483656395857,0.0778899691575216,0.05748790040783523,0.10190310688969513,0.0603741545518656,0.060089738335874276,0.014038115857714601,0.18045956113414635,0.2440824073744583
TCGA-CV-7102-01A,0.12410078824205185,0.07790489945321599,0.06911599012844105,0.045424560635408215,0.10221196614889165,0.07023524868003923,0.059772143300244295,0.027015068775340545,0.0818010942112057,0.3424182404251615
TCGA-CV-5443-01A,0.11657225454510256,0.08129535922414283,0.10697942285818274,0.0928509957452912,0.09405543008763195,0.06394377212602685,0.07125751947524869,0.008612306672770017,0.07232806129750247,0.2921048779681007
TCGA-CR-7377-01A,0.13577625046190694,0.07847713313579865,0.0704765336255651,0.06915788052984789,0.1197185187087541,0.07424606273365382,0.05454393864443871,0.012626873394719434,0.05891960282078862,0.32605720594452686
TCGA-CN-6016-01A,0.11184774464529083,0.06571225303244148,0.07235572409080133,0.06321121263018699,0.10619768184190811,0.0714121916727714,0.06661484547971136,0.0995750439280789,0.0696791197859236,0.27339418289288603
TCGA-BA-A6DG-01A,0.10744617745069154,0.06933186028318057,0.0880629589918099,0.04146541586919729,0.10833045096913768,0.0655107764029215,0.05048869005998377,0.013644199170760912,0.0578129849761721,0.39790648582614485
TCGA-CQ-A4CD-01A,0.10831373093152022,0.07238721007615267,0.10967913651866647,0.0813686118169747,0.08862660291369633,0.060251005414466,0.05659675692562439,0.013430210306481106,0.04495320136464707,0.364393533731771
TCGA-F7-A50G-01A,0.056527001867589174,0.07255995021027356,0.09498340543031739,0.08571778178424251,0.10717183184827597,0.06994181097257814,0.05321496686633317,0.012938266861450068,0.07258879659037612,0.3743561875685639
TCGA-T2-A6X2-01A,0.07514838855951551,0.0790578742471992,0.08604211090957713,0.08881998884395813,0.07227718623749917,0.06893410357984632,0.07656236363336266,0.030159960329912652,0.09889632026894789,0.32410170339018113
TCGA-BA-5559-01A,0.1281127577471348,0.0803223655782595,0.10542995962677457,0.09593359814687562,0.14618384535101173,0.06375605266258533,0.060498108801767835,0.11615337070642408,0.061541737074238,0.14206820430492856
TCGA-CN-6021-01A,0.10783365472680477,0.07441121358522293,0.09447773035351514,0.07279354013737115,0.09366607794867966,0.06125356686360201,0.051065560852254395,0.006508598737708168,0.0664123320512359,0.37157772474360595
TCGA-CN-6020-01A,0.11536987969461067,0.08136684896900784,0.07994772899811323,0.054900478103131395,0.09836709361240062,0.060755253007510744,0.045697145147843746,0.006454066953528831,0.06163025318340843,0.3955112523304447
TCGA-BA-A6DJ-01A,0.1227418964002779,0.05088011221099155,0.07988171282017321,0.08371237182240585,0.0896594773810683,0.07046807506671086,0.05979697195784568,0.007852965936291671,0.06575415545332929,0.36925226095090563
TCGA-BA-A6D8-01A,0.10487542516685826,0.07522317142016707,0.0822896928655095,0.0772762760067716,0.09502998424838137,0.05876772130465265,0.058677820552815826,0.02180770947630746,0.084431351855568,0.3416208471029682
TCGA-CR-7376-01A,0.1315669466211924,0.07349743921393836,0.1234108784940253,0.03577138585911549,0.17004487309898011,0.07849470298799188,0.06777192085374081,0.011506835684848253,0.05628977541663942,0.2516452417695281
TCGA-HD-A633-01A,0.10379010561212178,0.07279745785241827,0.09219162395913076,0.06662237559957511,0.08469385136154879,0.05807009473436688,0.048464413481680596,0.004941052488546533,0.06281688923602934,0.405612135674582
TCGA-BA-6871-01A,0.1212014738975184,0.07531948232449776,0.06971651319980328,0.05112023518417292,0.10763854487401106,0.06434646176685974,0.04955736872745913,0.009797401837640368,0.05694409270330282,0.3943584254847346
