,B cell,Dendritic,Endothelial,Fibroblast,Macrophage,Mast,T cell,myocyte,other,tumor
TCGA-BB-4224-01A,0.019068163029127314,0.014869406402439648,0.02018641732405745,0.08578035923903975,0.04082687156599903,0.015319809089504482,0.04273066965706793,0.022900243249763683,0.0387902661474616,0.6995277942955391
TCGA-H7-7774-01A,0.020672928721385413,0.015118132242903764,0.019673596189801766,0.10481242206193554,0.036195762787159344,0.016096876671411367,0.03662234879404326,0.023661214367232824,0.013120760333768149,0.7140259578303586
TCGA-CV-6943-01A,0.019256500071186074,0.02038280594622044,0.020924307557941172,0.16328760135571843,0.11135345141504183,0.015312820837096092,0.06982270551138059,0.02458676886620743,0.005673641296747486,0.5493993971424606
TCGA-CN-5374-01A,0.025818248781391013,0.027091293328743042,0.035039944523582604,0.04025944921855288,0.042729681891119885,0.018825288095500013,0.025967684006375297,0.030281014903690125,0.6176971774856073,0.1362902177654378
TCGA-CQ-6227-01A,0.019619709844284145,0.02432867056850931,0.02132777271959202,0.11482414004366315,0.033488519371483116,0.016463472861367574,0.03308097479622106,0.06598456914897582,0.0050747586187899095,0.6658074120271139
TCGA-CV-6959-01A,0.018991914548455047,0.014619330943580382,0.03453092815486595,0.090864749132448,0.06658253048742394,0.014580517299785071,0.04610596122248307,0.10543934775836208,0.04287648185066384,0.5654082386019326
TCGA-F7-A61V-01A,0.020027058711092127,0.016151703180468116,0.020985155075616012,0.05806534581447845,0.037866067203654076,0.016344821859495248,0.05159516530899375,0.033315342314824206,0.008079242675813347,0.7375700978555648
TCGA-CV-7413-01A,0.018997762085241253,0.01739237423442447,0.021320123083939053,0.051140046563994485,0.04239540212314301,0.01539033125539506,0.13277362412024235,0.02419129658091783,0.007360779703234252,0.6690382602494683
TCGA-CV-7247-01A,0.02117465382932154,0.01702846890407173,0.04754510561117562,0.02875811719132706,0.036845445298577736,0.015264491144706,0.020123096619987343,0.12465875603897023,0.029898649924393922,0.6587032154374689
TCGA-CR-5249-01A,0.024355004879827172,0.017904476509095327,0.028073681277679285,0.03563884581555085,0.06791694821672523,0.017092513994720636,0.0213807139670651,0.03063324277653947,0.606143216607995,0.15086135595480182
TCGA-CQ-5331-01A,0.01829270006513919,0.016570758796722474,0.02022958471858687,0.14310797926780403,0.10363139308968454,0.014548854343561691,0.08147187166153311,0.023061798086448697,0.00981869661027021,0.5692663633602492
TCGA-BB-8601-01A,0.02055500132509212,0.01754918390434649,0.03159407780957022,0.044731316813852354,0.035923779653524536,0.019499682982664822,0.019496073552476453,0.023070399086821684,0.011419026702201216,0.77616145816945
TCGA-CV-A45W-01A,0.07786981241103004,0.01621883132757459,0.03234554263870718,0.04434251549737298,0.06661004612024475,0.02105001789017007,0.07144939444661447,0.02512562935630732,0.008587189416253523,0.6364010208957251
TCGA-CQ-7063-01A,0.019229311719564768,0.021879246303709042,0.0326119599429034,0.19320872449777243,0.08528377555740226,0.015691618838940016,0.027113670486604322,0.023000994800656864,0.017725463220040812,0.564255234632406
TCGA-CN-5373-01A,0.01982625264910601,0.014259392024452493,0.020957513642645115,0.25395304599408974,0.06602655386867266,0.017628717594984782,0.07429420257528833,0.05115839062562472,0.00759940878041045,0.47429652224472557
TCGA-CV-A45T-01A,0.025532933995801952,0.02416218393176306,0.02160447855258009,0.1103946029214013,0.056024948686377835,0.020236736966530593,0.05485680343768161,0.029284687817306903,0.011421330667204244,0.6464812930233523
TCGA-HD-A4C1-01A,0.019610427695560432,0.015318681976476116,0.019899465624794388,0.12073536165507565,0.03579137528907212,0.0156875573928482,0.025660003704524002,0.023902855358126904,0.04536784493822019,0.6780264263653021
TCGA-CV-7438-11A,0.019384664729869765,0.014692025773187328,0.019993867708272963,0.17472654808621196,0.06385243743159484,0.015714176712400583,0.04193505734706905,0.023604448305656934,0.01865835809069127,0.6074384158150453
TCGA-CV-5444-01A,0.01883393530680652,0.013080549146460042,0.020691170856774944,0.08025148452653104,0.09896515692714193,0.014457393389615858,0.06056251082911681,0.13323177998809696,0.22230752374243498,0.33761849528702104
TCGA-BA-5556-01A,0.0182667645662753,0.02129368693514329,0.025237772484014532,0.11247927581805485,0.09779305078852339,0.014284388716596626,0.0663918861224808,0.029929338736688828,0.0060562524401218685,0.6082675833921005
TCGA-P3-A6SX-01A,0.022575053989700892,0.028968933410724897,0.05489001782039835,0.0317819812975074,0.03581012862215732,0.022579103641927018,0.017000286850443608,0.03737907047749352,0.006405031733748753,0.7426103921558983
TCGA-CV-7242-11A,0.020705002904425233,0.027555588995217824,0.02797603845515659,0.24935790145921385,0.055174742291025716,0.02570729509233918,0.014421104858968635,0.023813832656077602,0.11012327502849589,0.4451652182590795
TCGA-DQ-7592-01A,0.019084864828142183,0.02621038815482449,0.02219324119565831,0.045695028047357956,0.033342986953240755,0.016802580969757275,0.07894975280607437,0.028307058320289857,0.016855497817060958,0.7125586009075938
TCGA-CV-6937-01A,0.019120399085218315,0.01617677876266577,0.02162522296144807,0.04731481390367062,0.060224120907176715,0.015108763410079036,0.05713596944600599,0.024317031568277962,0.010039539099403878,0.7289373608560535
TCGA-QK-A8ZB-01A,0.0293599754312834,0.015912518253642396,0.05501122692971464,0.11721554285709336,0.037169835912737224,0.017089812677448923,0.028717531452326615,0.023244480657640287,0.01791588516156759,0.6583631906665457
TCGA-CV-7432-01A,0.023447683266503934,0.015781695300810045,0.019872040665969797,0.06765976324540458,0.03619128016598254,0.016132034959659192,0.07017238893279543,0.023092887359279175,0.006354470486985038,0.7212957556166103
TCGA-CV-7089-01A,0.023053697973726344,0.016610770706411124,0.021276243053323856,0.04497198318217316,0.03479851772183994,0.016558981563522337,0.06608823974070956,0.026064002937376735,0.014292482422177972,0.7362850806987391
TCGA-CV-6939-11A,0.035387080805849,0.02105889579686435,0.059929819304997016,0.04265226575786492,0.04381243253849899,0.02329271340253487,0.02497956305416703,0.5058995109769923,0.18157155089527405,0.06141616746695754
TCGA-BA-4075-01A,0.019588686150785593,0.03215011561808764,0.025348203961291654,0.0302792573488403,0.040831004116510895,0.016108558980479366,0.015414999577036733,0.022955012702870432,0.007333050529760496,0.7899911110143369
TCGA-T3-A92M-01A,0.028379190441139332,0.019677125193371604,0.021446740294991124,0.029842254372857965,0.05920649886716057,0.016053723275250318,0.01398258172044436,0.0238574395694716,0.26011858493806367,0.5274358613272495
TCGA-BA-4078-01A,0.018419558749425205,0.017863824098050048,0.12891604920677563,0.0538316476202271,0.08875706545041295,0.013786474755161987,0.06425228698190265,0.02180218002096526,0.01722687561141528,0.5751440375056637
TCGA-CV-7100-01A,0.020417463108758187,0.017485014499273862,0.024627772870801912,0.039955515664878656,0.04327336634507487,0.015887466322974778,0.036536693914783966,0.027347507467223895,0.5265373108314665,0.24793188897476337
TCGA-MZ-A7D7-01A,0.0205904525277224,0.017508933467484604,0.026506912416381027,0.0833577853819229,0.03421447563580259,0.022738539084999104,0.030314015847403036,0.02667834688630027,0.019888568284861914,0.7182019704671222
TCGA-QK-A652-01A,0.02329143109807987,0.014341318369527904,0.02068737100771001,0.11706993091188014,0.03653502771966207,0.016753376251280042,0.036075050471975914,0.2256623833995033,0.02301267056441187,0.4865714402059688
TCGA-CV-6433-01A,0.02032969072650936,0.05473969818809841,0.02598578968708744,0.036563854220897134,0.15827488351779254,0.014696346397487308,0.11767859420351373,0.02458567926972246,0.010358359967017946,0.5367871038218737
TCGA-CV-7416-01A,0.01971361363366619,0.02000651578783313,0.020467888059191627,0.13210522255897014,0.039029316699804056,0.01499117573826395,0.01914578986609289,0.02421867891141868,0.3219939213872539,0.3883278773575054
TCGA-CV-A6JY-01A,0.021091843296285724,0.032744159359335466,0.023529196983133764,0.1174327929882905,0.03418050324772178,0.016939905054965856,0.02569130800327984,0.023703211945092367,0.005482281691925482,0.6992047974299692
TCGA-CR-7399-01A,0.01691577346005139,0.020046559285371916,0.020886988195764244,0.0361689041600338,0.13640503312416385,0.013010929069472614,0.09136564969490445,0.023104659137876432,0.18475666592921933,0.457338837943142
TCGA-CV-7568-01A,0.023139547650743258,0.020998170112760676,0.024306247682260584,0.3606432955599737,0.03747267961631866,0.01824637053816036,0.04524158487180438,0.05855562994104681,0.009271241069019163,0.40212523295791236
TCGA-KU-A66S-01A,0.026602457859156745,0.015129771074428738,0.01955179609838949,0.1013432840892836,0.035171352910058816,0.01594312768086814,0.020511591046871096,0.023758840377361663,0.28361925852713976,0.458368520336442
TCGA-QK-A6VC-01A,0.021915922486829744,0.01744310630243564,0.022302145488818464,0.13709401852859898,0.06613859891505036,0.015964777572463094,0.015839481667947068,0.02683056190144629,0.432219772645442,0.24425161449096836
TCGA-CN-6998-01A,0.02582994011190386,0.015092467326006609,0.019481800894894968,0.08106892823394621,0.03526587972920881,0.01705630224085578,0.06719326099376968,0.022446312178583908,0.017253461911887615,0.6993116463789425
TCGA-CV-6941-01A,0.020861437536444725,0.017122132009072914,0.020133996453267466,0.13251831750369947,0.035334446178533416,0.018171992433473963,0.0461163752636768,0.027632451976624447,0.006086883507742293,0.6760219671374644
TCGA-CN-4727-01A,0.0192965538639008,0.02231706783735113,0.022370853380514095,0.03355848604528656,0.03438873298294195,0.028920330323684223,0.05986136363403788,0.024828363948194477,0.018807526498875408,0.7356507214852135
TCGA-BB-A5HY-01A,0.022476615430779827,0.046863574327285884,0.025379147979197655,0.03129353602012566,0.034490945092653734,0.019175985318461028,0.016195279286741797,0.02353686630084628,0.01684060760144983,0.7637474426424584
TCGA-CV-7263-01A,0.018515453082791632,0.01513742079970052,0.02051991412336432,0.0867647874275315,0.04176259875161923,0.015395840786415427,0.07007532350999143,0.0710496273692571,0.1832496707018595,0.47752936344746927
TCGA-H7-A76A-01A,0.045516899815379236,0.08305005697520558,0.042383778936155185,0.035421777931377345,0.18957506244361666,0.018303429613712535,0.010622916745005857,0.02769238281718169,0.26133435930480436,0.28609933541756155
TCGA-CN-4723-01A,0.020864077662320544,0.014791569492417833,0.019741620814050644,0.0974280184033478,0.051915353916951054,0.016858313278621972,0.09850413755519352,0.022951931578617208,0.015985985918874488,0.640958991379605
TCGA-CN-6997-01A,0.018857907163683463,0.015303451396703804,0.022942658086685518,0.06101221593129409,0.04106338648227158,0.015504851733715687,0.06416897848041929,0.02674598750433454,0.01862632867587706,0.715774234545015
TCGA-CN-5364-01A,0.01930735523267316,0.017070911524750963,0.021218868304205475,0.029804715965770015,0.05621139566588074,0.020484058857812133,0.02271008677042664,0.06096943226963131,0.3389455212108283,0.4132776541980212
TCGA-CN-A63V-01A,0.020185262010902535,0.018716738844249483,0.04518540711105758,0.03137895026963347,0.03711635754635727,0.0156878261837895,0.01972101990876843,0.025577346429603926,0.007904895718299339,0.7785261959773385
TCGA-CQ-5325-01A,0.02466594628140927,0.017539892044012722,0.022886384409804346,0.07197369567426092,0.11704245928136246,0.016311797828865285,0.08054436608620097,0.21632533781171323,0.012625190167519151,0.4200849304148517
TCGA-CR-7386-01A,0.02215356054010942,0.02012789709263824,0.022104584839555443,0.1182248052231398,0.12747566920782932,0.031567651291397755,0.13653852587532353,0.025450827481652612,0.006114195316581615,0.49024228313177226
TCGA-CX-A4AQ-01A,0.02508698520155327,0.08444132209708931,0.034367679512566,0.03886140430465855,0.24979728296149392,0.016863139172564753,0.02142198401368543,0.028642212980297375,0.22172240963321826,0.2787955801228732
TCGA-QK-A64Z-01A,0.021460691613090492,0.014103970900666474,0.01924473744512602,0.09586588005274821,0.05251836477200695,0.015038620445312298,0.06548613143770324,0.039557148769403,0.01684951981019238,0.6598749347537509
TCGA-BB-4225-01A,0.03471718564235778,0.015140509683413614,0.023036633229951867,0.2891872994476594,0.1288662673323618,0.018049387576966534,0.036814149852506986,0.026028206378475745,0.08430300035839748,0.3438573604979087
TCGA-CV-7183-11A,0.026570912765838575,0.015362303395307962,0.020204600558514654,0.05526591042750659,0.04287114530863642,0.016460446347214493,0.015608652822656803,0.023329102818305834,0.3702980730780037,0.41402885247801496
TCGA-T2-A6WZ-01A,0.042129085380457613,0.017736886701089912,0.02379301459097448,0.04389657245461963,0.03517747587651032,0.021802518339496015,0.030796669644705597,0.02345745903170506,0.010672163531311297,0.7505381544491301
TCGA-HD-8314-01A,0.02163199461309078,0.015285275937775745,0.023363135639185885,0.038742183434680444,0.08125732957329387,0.01573313635149922,0.016071710261704293,0.2269641422506706,0.3400243822035282,0.22092670973457096
TCGA-CR-6473-01A,0.02055315406087209,0.016859963500695026,0.03487946677330026,0.030869464771907405,0.03823108085049993,0.015672614489850585,0.018792813712776132,0.024240378369939326,0.026030138206027592,0.7738709252641316
TCGA-CN-A642-01A,0.02063763313226579,0.014734621238620332,0.020527541395200518,0.09077890509258962,0.09937738608433223,0.016061366726610304,0.014845792341214874,0.027192009028354006,0.01584161071409381,0.6800031342467184
TCGA-BB-A6UO-01A,0.020914438999379517,0.01734161479394678,0.02443347119720565,0.0491825134019341,0.03624256953169609,0.01967392389070117,0.02035480267193367,0.023835854446305992,0.01329233765511084,0.7747284734117862
TCGA-DQ-7591-01A,0.0255810785659378,0.02822136292123298,0.02906323798424022,0.04100113013927825,0.0676565790792115,0.01814292967839958,0.040971155006566104,0.03133295893253678,0.6213413865585077,0.09668818113408909
TCGA-CR-7398-01A,0.01857732676925891,0.016836761480782884,0.021052457604571233,0.031186693891034952,0.032830113598528936,0.015267387226760094,0.06529752537802146,0.022508502173107882,0.03469512235636757,0.7417481095215661
TCGA-HD-8634-01A,0.01946719520036421,0.023905203474135113,0.021360688045566914,0.10006254749525594,0.032645653691132245,0.01616398004251296,0.050653679082554214,0.02298385548488121,0.01001043112919249,0.7027467663544047
TCGA-CR-7372-01A,0.019792362319778323,0.013705283398894402,0.019608847531632324,0.2289926336396089,0.0443274764356641,0.018261656632433385,0.018749768427587753,0.029020388904356608,0.011097498386767225,0.5964440843232769
TCGA-HD-8224-01A,0.025611530629329134,0.01745736374497289,0.026515041593975535,0.042421968021809905,0.04405831321107969,0.017866511064637956,0.02062275268112121,0.275571529151742,0.4010444760189516,0.12883051388238004
TCGA-BA-4074-01A,0.02017046176590132,0.018113005921142268,0.022200397991385276,0.0375579537273808,0.037160579805488814,0.0152096673937137,0.02446314489236758,0.025510044588676707,0.49625854044923456,0.30335620346470904
TCGA-CV-6961-11A,0.022519645386666926,0.020463846098790046,0.02532155562349151,0.1494905197198361,0.03229127527306772,0.03168330518785783,0.035863888764276326,0.06367928992080375,0.026232040950858578,0.5924546330743513
TCGA-BB-A5HZ-01A,0.022819073523601238,0.017200475684835657,0.023968249107300707,0.12979391635334658,0.03480966242156231,0.022563743544590304,0.019430435398276397,0.022939868828515023,0.018306588791029598,0.6881679863469421
TCGA-CQ-5332-01A,0.019694575758025815,0.016613479229726787,0.020531274213279865,0.06697558318281499,0.03696137846677277,0.015873516699730014,0.049327629195743856,0.023961829310743483,0.008696352362082263,0.7413643815810802
TCGA-CR-7380-01A,0.018763044040755794,0.017849544062856507,0.022156471332452563,0.17661447540023817,0.039917107199129796,0.014860241073442056,0.07766744581450509,0.023265081129989276,0.009272241826905085,0.5996343481197257
TCGA-CV-6936-01A,0.029045917134858355,0.013897464729586327,0.020019044069019182,0.17494894191920202,0.07506900503359726,0.020499271134506582,0.057491458391611946,0.023895855951649208,0.019032306061195558,0.5661007355747736
TCGA-MZ-A6I9-01A,0.025241370549651573,0.02363000895854112,0.06604795757817464,0.03004146919757717,0.037703475732117735,0.01776050022782348,0.016390008404051432,0.02531130325339711,0.4278478862437581,0.3300260198549076
TCGA-QK-AA3J-01A,0.01993345348435111,0.01741095823107578,0.026299911587655486,0.04104698414537078,0.03603098940058981,0.015338799213022593,0.047015317859761575,0.0251986895085665,0.4915994666503199,0.2801254299192864
TCGA-BA-4077-01B,0.01911026114897081,0.015584762582347826,0.021253087510985112,0.06616864583578139,0.09272438566106356,0.015457982961291541,0.1316796023513477,0.02439143376713616,0.007181780349814305,0.6064480578312615
TCGA-CQ-A4C7-01A,0.020927414407974833,0.019296733931619837,0.02205847630392011,0.1104763503967883,0.03744730816382895,0.016080302355201376,0.01833515665549618,0.023480783877887084,0.11099228557714397,0.6209051883301393
TCGA-CV-7422-01A,0.019075623542763043,0.023471730686877218,0.022238543168297525,0.037538162614143465,0.03397013080763428,0.016379957818055294,0.04645224501640484,0.03445512346764223,0.008336976541095376,0.7580815063370867
TCGA-CQ-A4CB-01A,0.019317276089456718,0.023567001404442102,0.022194144432577622,0.072835204524674,0.06292792728974862,0.014921576793878054,0.014895485702432222,0.022682032070658137,0.27788274035330546,0.468776611338827
TCGA-F7-7848-01A,0.02323852355717374,0.045449805134797516,0.0264402224808818,0.035572579500214176,0.047676045834163336,0.01700235515884459,0.024201814323361485,0.027346173557814744,0.5820681566564302,0.1710043237963184
TCGA-CR-7392-01A,0.03053266392201297,0.030391205461491395,0.022347902136406153,0.14338541014551942,0.09313099648366273,0.015535087831316017,0.10227847928355123,0.025739457354765165,0.01631988852693481,0.5203389088543402
TCGA-CV-7178-11A,0.02972099431819497,0.02262145978655212,0.022855258729403465,0.30458560288660874,0.0556635138278135,0.020964058347063507,0.014387891128576297,0.02453737823112286,0.006184684062577589,0.4984791586820868
TCGA-QK-A6VB-01A,0.019875615901432435,0.01723111612149643,0.026889641088142974,0.17654412500961852,0.03391985254144367,0.015615336170572836,0.029745048355939174,0.02267633651450093,0.027670823945183713,0.6298321043516694
TCGA-CX-7082-01A,0.020846910301809227,0.016725412523647024,0.021366635946963485,0.054563330710049804,0.03531887412505004,0.016813654141170666,0.073511956753809,0.04341995400911588,0.005594619411513693,0.7118386520768712
TCGA-CV-7414-01A,0.03127954988778798,0.01774630011156534,0.024829267331392228,0.04058115176576831,0.037089322895683376,0.01757524413436592,0.026136570760277218,0.025807374617869163,0.5441789362082986,0.2347762822869918
TCGA-CN-A63W-01A,0.01854646377103081,0.016124914957762197,0.021403340554257334,0.03813554315096364,0.04038938156494437,0.014893999200824185,0.06612249296384025,0.023979734932213163,0.018466722433130918,0.7419374064710331
TCGA-BA-5557-01A,0.020474351532844597,0.015190075454804176,0.020508166741330276,0.19226350850678528,0.0495252618340934,0.015688639510806388,0.017126685618265507,0.024029509535456225,0.01667966479777178,0.6285141364678425
TCGA-CV-7435-01A,0.01912997546745818,0.022881169902401764,0.021207167259021453,0.12142755540943996,0.04248960820666731,0.015485553899216626,0.0559708339121486,0.023073215879257765,0.017593856799184338,0.6607410632652041
TCGA-UF-A7JT-01A,0.020394929292744553,0.0382926564423553,0.023859165128085395,0.0767277925460427,0.08547789732867678,0.01647744432680119,0.014352853128364358,0.024313675251632968,0.018810570944574806,0.681293015610722
TCGA-QK-A6IF-01A,0.04195250292207463,0.01993985812873156,0.021375243721756133,0.1314332051637768,0.12813696895439602,0.017439097550397503,0.04421866306461382,0.024143661662741983,0.20468636692820558,0.36667443190330595
TCGA-QK-A6IJ-01A,0.019718137913503162,0.019315750600700662,0.029781210293574584,0.04079726912205375,0.04821867671661463,0.015652048074676985,0.015368532712969044,0.022702995080901067,0.01170309608917543,0.7767422833958307
TCGA-CV-7248-01A,0.020612120307316954,0.016237170367552067,0.020751092872214834,0.046398777380144265,0.04055706786566341,0.0151749534852615,0.07299045598846828,0.023926168053318327,0.00558353884645447,0.7377686548336059
TCGA-CV-7101-11A,0.02190119998133622,0.027588813921549545,0.025672088886557042,0.2013800111001103,0.03638775538392204,0.01627627685400471,0.01570832721898768,0.02403833392559291,0.42199774203515145,0.20904945069278816
TCGA-H7-A6C4-11A,0.03327155504274014,0.020632053409795282,0.04787584053486422,0.1723943638537533,0.0489358116573322,0.02144728408014177,0.020546177892871033,0.4560826269656807,0.01794633045677025,0.16086795610605112
TCGA-CV-6942-01A,0.025827821228187203,0.04177868684178397,0.023454465013540156,0.07754481641533892,0.07945326939529529,0.025815413148173635,0.014395933393999975,0.02553040740274629,0.014978056239150292,0.6712211309217843
TCGA-RS-A6TP-01A,0.02215359867148358,0.016657133043690004,0.020531515578028972,0.1324322967615371,0.03465185131450548,0.03654415086269438,0.05944800530468457,0.02477390215971775,0.009731192408438009,0.6430763538952202
TCGA-CV-7091-11A,0.0438571024893578,0.032854204519725594,0.07380477187908165,0.07734794436918242,0.06116756073169319,0.03384596942095744,0.015524185363041917,0.5574826011023699,0.022290531403045964,0.08182512872154418
TCGA-D6-A6EM-01A,0.023917156692878486,0.029035235628764568,0.053892627223093875,0.03157171723827372,0.06294737194994705,0.0173645979712514,0.01650411690267191,0.19221838762150376,0.015067590330075731,0.5574811984415395
TCGA-CV-7101-01A,0.026541890295064447,0.01508818685996169,0.020675082525847627,0.12664063721174906,0.05239875299876545,0.01758870895416233,0.0656011781465924,0.025097243155552607,0.013109003119430182,0.6372593167328744
TCGA-CR-7371-01A,0.01903310871272452,0.017020554834797617,0.021867174513799815,0.06649441800136828,0.04026750252661264,0.01584530034872731,0.09681536049861017,0.02341352395157704,0.009328676107629318,0.6899143805041532
TCGA-CQ-5329-01A,0.01874650049496847,0.023904657351713567,0.03780194087498618,0.028923632893298443,0.13593030946501417,0.017506464526498372,0.02789155209081713,0.025459282296790883,0.005823188327948157,0.6780124716779646
TCGA-H7-8502-01A,0.020711805767313695,0.016929611042634598,0.020267593201561775,0.08990373271854132,0.03474412376917542,0.028488014654109304,0.030386915558952184,0.023284005348912538,0.014408937795186485,0.7208752601436127
TCGA-CN-6989-01A,0.019514342368398448,0.01873448501237972,0.02070637461609658,0.13597248020871278,0.07986546147712863,0.015119116703153447,0.04288529365294553,0.056455058259099314,0.005702922279637607,0.6050444654224479
TCGA-CN-5360-01A,0.01906502418869486,0.024303642389503846,0.02189437928682946,0.12429391946610993,0.09768626686947703,0.015030413020686324,0.09095962318586671,0.05665585962378825,0.019111274535865082,0.5309995974331786
TCGA-CV-7097-11A,0.03841669925135636,0.02684712849766353,0.12250498824658913,0.07143481059073434,0.06345705211112956,0.02668489822633809,0.021025642930357046,0.5007856253250442,0.03092765203579884,0.09791550278498898
TCGA-CV-7429-01A,0.0260196944445935,0.020055595791706324,0.08619209933328635,0.030845691948791398,0.03823138730576073,0.018231083217487783,0.018082095968177028,0.025844582273457466,0.4924182740158119,0.24407949570092752
TCGA-H7-A6C4-01A,0.01947969561302967,0.021158977299897914,0.021127124714586807,0.06832169556814796,0.04076687782101632,0.015804211548255818,0.02703074597223545,0.12973472105905476,0.030210985405725987,0.6263649649980493
TCGA-BA-5153-01A,0.023819249896078986,0.02406712425875108,0.021862123806488942,0.20311558668154372,0.14820229279379016,0.026145770467863913,0.012407971160794513,0.024005899379250527,0.035316973269608566,0.4810570082858297
TCGA-BB-8596-01A,0.01896549321795826,0.013423730499068932,0.01955758864327426,0.07246810592314659,0.09021342828345978,0.015357243244428513,0.018313207236903217,0.02544044801148587,0.15875907892506777,0.5675016760152068
TCGA-CR-7369-01A,0.02654503241604515,0.015756808160013534,0.01987867114982356,0.13076614636262707,0.034058816688492664,0.016188584130970768,0.06708523241039033,0.022937478784193117,0.012546861999622617,0.6542363678978212
TCGA-CQ-7071-01A,0.02003424598534095,0.013331106051774953,0.01980907650156844,0.12136810463130597,0.07781992361581841,0.021865916100233574,0.04661183777996864,0.024088591178534128,0.02098606271350959,0.6340851354419452
TCGA-BA-A6DB-01A,0.020076765949834798,0.0222389482934858,0.023125525038948627,0.14529638314373072,0.07574571345449183,0.015307019733598756,0.07929631866957777,0.13450302444486736,0.01056974770036993,0.4738405535710945
TCGA-CV-A6K1-01A,0.022669977956349875,0.03296961027025808,0.0231718074718358,0.09505414153250998,0.032594039535770745,0.016768677224518035,0.018228020470307783,0.022278209425486008,0.01445769665967884,0.7218078194532849
TCGA-MT-A51X-01A,0.018750194935689933,0.0192206120973113,0.020682865280565198,0.07605383138087102,0.03458648512977211,0.015920497835605053,0.078153546017585,0.023214357553433485,0.015450901247856613,0.6979667085213103
TCGA-4P-AA8J-01A,0.020147935239252835,0.01805506021210638,0.0219218942672436,0.039274863188199186,0.03838398153907189,0.016282659095692476,0.01842899328478493,0.033065529208268156,0.007929444588627,0.7865096393767536
TCGA-CV-5439-01A,0.019189096306758618,0.017804994648388583,0.020840137354179136,0.17145313351372765,0.0813716303382292,0.014732967847168548,0.042187504953619934,0.025987419022249394,0.0058118350914996425,0.6006212809241793
TCGA-BA-A4IF-01A,0.019364228003899194,0.015113751507731907,0.02252354511655361,0.14337357730902747,0.03616698310503893,0.015468197872334293,0.04097256794188689,0.035362561545199525,0.007689687320336142,0.6639649002779922
TCGA-D6-A4Z9-01A,0.018840713540682064,0.019347555548878015,0.03097607944382592,0.09695112824498149,0.03900637310785312,0.015533747810319073,0.07509273153229848,0.023759415637585646,0.017740710010120665,0.6627515451234555
TCGA-CV-7437-01A,0.01968710356777581,0.01900803159741193,0.02423410894210703,0.05336090339660182,0.033170506383459905,0.016168355593976558,0.05713340276392807,0.022913048858416926,0.0092471906821117,0.7450773482142103
TCGA-CR-6484-01A,0.021552421316000735,0.013959288861075314,0.020666116422016628,0.1696290996149704,0.17279035737610413,0.01499631974518932,0.07806158033628492,0.024735655560607448,0.014299849860122343,0.4693093109076288
TCGA-CV-7245-01A,0.021141914933172343,0.025952015940204253,0.021874051530480866,0.17546380255119307,0.034053540860170935,0.02094573262763998,0.053444108710068335,0.023139066333955547,0.014105430155597653,0.609880336357517
TCGA-CQ-5327-01A,0.019243233495207814,0.015460216342740408,0.022028967953507454,0.1034655144713828,0.10157640095381762,0.01515581501823679,0.02879296363614656,0.022910761557255355,0.00599852866976591,0.6653675979019394
TCGA-DQ-7588-01A,0.019764043028144107,0.018540375621282287,0.02171157428039465,0.03764330809956245,0.03448167873898903,0.01581699240465427,0.03646670528847927,0.028268000285610485,0.00797345156404164,0.7793338706888419
TCGA-CR-7373-01A,0.021382237897191573,0.020093024411381683,0.02075408709597672,0.0630271161740028,0.0816379708425552,0.015427464843949378,0.017451292838374734,0.02269038763305174,0.01675307308445035,0.7207833451790657
TCGA-CX-7085-01A,0.02800767983747487,0.010831517447292834,0.018942061260388027,0.18023172860968567,0.0828132835955409,0.014403828486136548,0.031027527196808,0.054222229974828666,0.1563613200092022,0.4231588235826423
TCGA-F7-A50J-01A,0.02038176191905675,0.01598556491972777,0.020287921505124425,0.07973026064172285,0.03554007692296235,0.017085302384139904,0.03628613187938119,0.02461201812526386,0.010370132296909116,0.7397208294057118
TCGA-CQ-6228-01A,0.020209555983964605,0.0314288285293278,0.022564136063719147,0.13714199045261394,0.03374618473751848,0.016942821524243534,0.03676874907736153,0.022608043812668996,0.018281011368580877,0.660308678450001
TCGA-CQ-6222-01A,0.02772509515560185,0.02029047959672638,0.031300501504317485,0.04452037745412279,0.07857976303036115,0.01942933578688248,0.03311076545600159,0.45690800078263594,0.016275978061448527,0.27185970317190183
TCGA-IQ-7630-01A,0.018682096783699805,0.014995778687805184,0.021627020746364013,0.1445771960826178,0.0323345110879831,0.02463629698377178,0.03362984673633331,0.02141619350902552,0.08943324442754547,0.598667814954854
TCGA-CV-7103-11A,0.02015218824750648,0.013238079830992908,0.02058328946418959,0.18567592247194178,0.0502409799255672,0.015797069992251254,0.03361956952081368,0.1478065906011855,0.04410604901764783,0.46878026092790387
TCGA-D6-A6EP-01A,0.05718536330075291,0.03941136954008375,0.377908033759752,0.06166920764620972,0.07080852055006624,0.0360401893223527,0.02013894284060307,0.038314935757178314,0.05122199657477409,0.24730144070822727
TCGA-CV-7250-11A,0.02852054794313719,0.01714336585251102,0.031601293347989466,0.0430806505594758,0.0537110046445671,0.01858603291203494,0.020858537952916433,0.38789073789629486,0.29421953915335614,0.10438828973771704
TCGA-D6-6825-01A,0.01810042836590791,0.029013118343315016,0.02345915124541435,0.03328930272129624,0.09722646416758723,0.019156746712412097,0.13573104691950383,0.03278739458070333,0.013277476440126581,0.5979588705037333
TCGA-CV-5432-01A,0.01973368532309896,0.015362300590347641,0.020155465182706767,0.08012580234485046,0.03938839229766998,0.015795339529904286,0.019983694241779714,0.02336744838504713,0.018659583694019356,0.7474282884105757
TCGA-CN-6013-01A,0.022933257851929307,0.022720455686807892,0.024015780386315036,0.10102765515688615,0.10618017730715802,0.015687609833722128,0.019211081040107873,0.028051407087935208,0.5020642976770756,0.15810827797206273
TCGA-CV-6939-01A,0.021190189622126387,0.0170348176609529,0.02499493596476925,0.14207211192314823,0.08201369807752745,0.01467665970625541,0.03815108675473508,0.026517140032740697,0.45362727865426594,0.17972208160347863
TCGA-CR-6477-01A,0.019107167315432425,0.01971845645533363,0.0204211570606977,0.1007153506971827,0.04061023847635454,0.015212027169058171,0.0313250529404795,0.023562933887837412,0.023577383990642742,0.7057502320069812
TCGA-WA-A7H4-01A,0.02472480860989697,0.014176257160688628,0.021534604015171557,0.049430827393289176,0.05362084571689733,0.017827015091372557,0.017188927683735557,0.15795152002903545,0.0060641550104845125,0.6374810392894283
TCGA-CN-5358-01A,0.034323250282342545,0.01947193425243781,0.021785901223467834,0.28865392242939225,0.11771935544644935,0.01750110823328374,0.01252194612898916,0.06620000920470409,0.007590603017422961,0.4142319697815102
TCGA-CR-7397-01A,0.018988538579498084,0.018267303896145594,0.020664074116512145,0.07755012500901853,0.06941370989970011,0.014866831906724595,0.053609091041799554,0.023255793763470183,0.012807486372349347,0.6905770454147818
TCGA-F7-A61W-01A,0.02034114221020562,0.019261410754078844,0.023817275412617352,0.03524214940950851,0.0325760391925299,0.014115048848236379,0.025470350840170002,0.025025983492969237,0.3169934928279813,0.4871571070117028
TCGA-BA-5558-01A,0.024255367510852284,0.015580186897058293,0.020125173977813254,0.11985309829839977,0.045662559315690555,0.015604913363226159,0.06851020841494578,0.02397089812467879,0.015809081706572015,0.6506285123907632
TCGA-CV-5976-01A,0.0200024277734866,0.023700651743415267,0.021998469844845932,0.04173625336111691,0.0370814407528876,0.016067081621623236,0.017929805121663377,0.06041665965156829,0.019739777844455866,0.7413274322849369
TCGA-CV-6954-01A,0.018987272813297422,0.037947511646146924,0.023583159826669267,0.12087201370437065,0.10517272987044703,0.015145512497176354,0.07207527442233237,0.024212759120438028,0.008632259080330556,0.5733715070187914
TCGA-CR-7395-01A,0.020263581489099666,0.015143433909260933,0.020570606313651117,0.11808879770127018,0.10768080623588668,0.01995148959725143,0.035841369564605374,0.02413277472875714,0.0062965781236323445,0.6320305623365852
TCGA-CV-7411-01A,0.018574809399096535,0.014730515281435395,0.01962518180488661,0.12440954782548391,0.03282991135586097,0.014696427701534657,0.03227060944481003,0.02203015831278417,0.01252837448224117,0.7083044643918665
TCGA-D6-A6EQ-01A,0.019414293517408154,0.017700163801428522,0.023940287703406695,0.031136262040593138,0.0371693139123179,0.015686326223483822,0.018464533425384715,0.04392125668990035,0.018615124655861716,0.773952438030215
TCGA-CV-7095-01A,0.020587880438957592,0.016828963335132216,0.022220831998492327,0.0410351428359064,0.0372866180737674,0.016687739674511145,0.028927372372829212,0.024627108722649203,0.00586649882497126,0.7859318437227832
TCGA-CV-A463-01A,0.02135220576988453,0.01670870796078161,0.02107931737427328,0.0679856846995333,0.037185185266225815,0.016605541408470422,0.09204374296954884,0.024517341208422683,0.005698020592151099,0.6968242527507085
TCGA-CN-4722-01A,0.019445273436342253,0.016267446984289294,0.02622602763027473,0.1453819917041159,0.0380446035981609,0.015131449626389659,0.01970751408974793,0.02306090268145283,0.009943800933465148,0.6867909893157614
TCGA-QK-A8Z7-01A,0.01924992214956453,0.01735503112499338,0.020917912040009076,0.043388893243619824,0.03509796055455757,0.01666937430812379,0.06638298736840742,0.023762436021366518,0.010169854620027466,0.7470056285693304
TCGA-CV-6961-01A,0.01977845031323808,0.021604486946108205,0.020726186501360627,0.12257476991205817,0.0763684891938918,0.014747542081289523,0.04112293152794345,0.1397493794493523,0.02684503536728797,0.5164827287074698
TCGA-CN-5365-01A,0.020016032454057937,0.016939656668856946,0.020076461219070696,0.07229482944425868,0.037051989272599006,0.021438950759280647,0.02176616805478163,0.021880483767631662,0.016815356105879236,0.7517200722535836
TCGA-CR-5248-01A,0.027337732404244378,0.015776827412609502,0.022586828682222025,0.03285193510875485,0.11842010198889959,0.015823334165120422,0.06327392286172531,0.025434401036013653,0.39199228042254225,0.28650263591786806
TCGA-CV-6962-01A,0.019640811763660553,0.017244689948297066,0.021085294384267896,0.04418434075670617,0.03555486782412695,0.020318324794234274,0.05135435840443884,0.02324321207222723,0.009546129639859732,0.7578279704121813
TCGA-D6-6517-01A,0.02002612620083777,0.02125402420800674,0.02279460184367176,0.09885984410633346,0.040986649167119346,0.015719613879853222,0.0170457943277203,0.023072311085412304,0.02506471445156695,0.7151763207294782
TCGA-CR-6491-01A,0.021084929820971692,0.016606712205139408,0.019699064833808136,0.08800879261423145,0.03822540534563283,0.022438031771083843,0.02090015024537474,0.022886601166668696,0.008180864080039827,0.7419694479170494
TCGA-CV-7242-01A,0.04881292758935939,0.01447253912652831,0.028423491383129666,0.03295192669946668,0.08975407009168622,0.016992736139830406,0.06409411454966076,0.024281548810674337,0.11118099360789639,0.5690356520017679
TCGA-CV-A45R-01A,0.01902137982674776,0.014665570615141408,0.019748582363160655,0.1422460032368898,0.041314964221227886,0.015372740643818519,0.0399094664266145,0.028819512477125005,0.012475325962795278,0.6664264542264792
TCGA-KU-A66T-01A,0.020285557190315745,0.016930166885243854,0.02035839505783925,0.09652450291455615,0.03644581465768376,0.03636044179391695,0.051793240964686536,0.023237216441451432,0.006347038577922373,0.6917176255163839
TCGA-BB-4223-01A,0.026630575051018467,0.017990800217265696,0.021739389800285766,0.10644520019649274,0.09952288636951126,0.01633273710009577,0.01475097553604759,0.024865981344566353,0.2704723738639034,0.40124908052081293
TCGA-CV-A468-01A,0.020211919660383118,0.019482673035684836,0.02270194388556551,0.27366575726020836,0.07241609665523557,0.01534910249323995,0.034464037417352246,0.038346246133629504,0.017154335262425893,0.48620788819627503
TCGA-D6-6516-01A,0.019813550183591676,0.030925049035117714,0.02205825042015663,0.16854815293335976,0.03912325282219808,0.018008800680120052,0.06341871962253343,0.023954713647816834,0.010008597861337155,0.6041409127937686
TCGA-CQ-6219-01A,0.023481386448878563,0.020846518156046448,0.020474368443935173,0.16342363599584186,0.16082643999140114,0.0147171233238574,0.032484541282346804,0.023095958623729908,0.016959750280367888,0.5236902774535948
TCGA-CR-6467-01A,0.01780038669914658,0.017387592107834218,0.02167918838383992,0.039077957789261444,0.08673884841813936,0.014213256167923962,0.057961673776508266,0.02559787709546101,0.40174767020140845,0.3177955493604767
TCGA-CN-A497-01A,0.01880636138595732,0.014836652630156672,0.019980690848727216,0.12205179313853234,0.05105642974226788,0.01586448170529967,0.031747890136189144,0.024475766329456757,0.32436126587004127,0.3768186682133716
TCGA-HD-A6I0-11A,0.035753470137525854,0.020168712667057682,0.1302191840348897,0.08907047423190133,0.03879490580456995,0.019833723318409244,0.017543715292749087,0.1513637580069023,0.025525921649858743,0.4717261348561361
TCGA-P3-A5QE-01A,0.017547982405578127,0.014293102201968774,0.019247475612996303,0.14175141516628864,0.08967409471804727,0.014456513808494326,0.08639063664938866,0.02341612338444419,0.23153150796113472,0.36169114809165914
TCGA-CV-7102-01A,0.02305265947236777,0.022405451312579382,0.02350120635266002,0.03614024262859201,0.03987348960810227,0.023194610524369642,0.017052396552747904,0.04360963574199747,0.5067153706248256,0.26445493718175805
TCGA-CV-5443-01A,0.07807914864829374,0.033437197009920774,0.02314685153687201,0.07511186904921255,0.12145087264690545,0.01953351221711087,0.015710808734028858,0.023769474919583696,0.11108224976178391,0.49867801547628815
TCGA-CR-7377-01A,0.03006052660760118,0.01901658645437965,0.021225489624316727,0.08077603135380547,0.11094276397586465,0.016024795008409486,0.05588211767084069,0.06571410473868189,0.24990986475145047,0.3504477198146497
TCGA-CN-6016-01A,0.021769767561272024,0.019243072814489313,0.02349701501035403,0.08775824588583744,0.05564986053934521,0.016064668042789637,0.04303016898789247,0.265212431868296,0.01625036228243167,0.45152440700729213
TCGA-BA-A6DG-01A,0.02504259353385537,0.014187225491954156,0.029689451747371958,0.12002404571652665,0.049357653145246,0.01901809308066572,0.014364193462988738,0.04073301472162534,0.02337202724592052,0.6642117018538456
TCGA-CQ-A4CD-01A,0.02010918038186123,0.019858954135843942,0.02098003218383934,0.10204103424278173,0.05248808780959896,0.01615286143262317,0.015579494653948376,0.023957724844309265,0.015579583470663192,0.7132530468445308
TCGA-F7-A50G-01A,0.01963899111684814,0.015241362032168007,0.020859371299200805,0.08664751672375351,0.057288770419996186,0.015997373028645435,0.07899834629783462,0.02438402477209084,0.00815044216864485,0.6727938021408177
TCGA-T2-A6X2-01A,0.0187934077896734,0.01351270977480427,0.01929599056124964,0.1411184890422798,0.0699699750294282,0.014997571998759444,0.032176469889727624,0.02333430042919203,0.012745927564014966,0.6540551579208708
TCGA-BA-5559-01A,0.024880803149998642,0.03242724197891704,0.027829953569337956,0.035605870719208184,0.13890619623641887,0.021887908181419235,0.06129426550328214,0.23075798705410083,0.3083779812007395,0.11803179240657773
TCGA-CN-6021-01A,0.018363679243467573,0.02115478977058055,0.02087929165167224,0.0538092678110821,0.03460924561272585,0.015309333750530726,0.06638526423117999,0.04021917665708973,0.009054730901588301,0.720215220370083
TCGA-CN-6020-01A,0.01890017197499337,0.014271268483190045,0.01890674384196226,0.1771811960212782,0.03590540662450108,0.01657388009101326,0.03222382942131911,0.022487546467584194,0.01868511510234458,0.6448648419718138
TCGA-BA-A6DJ-01A,0.019461205626687784,0.04012959991261136,0.02290777346962894,0.14459279130754607,0.1247660076981453,0.01463021431128542,0.012823982287950534,0.022527581944830004,0.006550982760390426,0.5916098606809241
TCGA-BA-A6D8-01A,0.03739299027322582,0.017514659539237455,0.06255653753521638,0.03700580357691036,0.03453035304072605,0.017763675911822752,0.021953121522836547,0.03497518534696079,0.012736527736292287,0.7235711455167716
