,B cell,Dendritic,Endothelial,Fibroblast,Macrophage,Mast,T cell,myocyte,other,tumor
TCGA-BB-4224-01A,0.04342776571327877,0.04294064204676833,0.04335987122600401,0.07793158468436041,0.038775492165287105,0.047368729470034364,0.042303564464627325,0.03464285093530924,0.04735164766539263,0.5818978516289379
TCGA-H7-7774-01A,0.0435303450118198,0.04280177336804781,0.04903423661830528,0.04795390425331407,0.04089780386062655,0.046453217899084985,0.04541646155054426,0.04582229856086823,0.039785881030411696,0.5983040778469773
TCGA-CV-6943-01A,0.039347326706062766,0.04113292347764831,0.03055692806077461,0.2115931246094353,0.055991011788783046,0.051234697482148435,0.032050263661207105,0.032113730824912666,0.04427189324633874,0.4617081001426891
TCGA-CN-5374-01A,0.041545875887788984,0.04670734347754631,0.04171804967763765,0.12425430665625148,0.04643665775418945,0.04206759631388824,0.046401242858176095,0.03905513887272156,0.3281268908745473,0.24368689762725296
TCGA-CQ-6227-01A,0.042920663649778916,0.036032257110603746,0.04773866121010737,0.1327043614538931,0.040427476268422496,0.04876745556538677,0.047017907236008634,0.03238045120764847,0.03415707202718894,0.5378536942709615
TCGA-CV-6959-01A,0.04197143209226498,0.03929627387143666,0.04043316254296628,0.10594971773584298,0.037313576648120225,0.048890800152555695,0.04712629517437815,0.0339157487369946,0.045867196834308815,0.5592357962111316
TCGA-F7-A61V-01A,0.04413176773767129,0.04541032208724839,0.05096195047714093,0.040863422113466066,0.04293369908221009,0.03741598450322147,0.04213555138312826,0.0374260214860896,0.050335497217107325,0.6083857839127167
TCGA-CV-7413-01A,0.042022640029054335,0.042708148331172105,0.044061453385784745,0.13677669739506612,0.036679553344885166,0.037382245357138605,0.0446351608019272,0.03799133214134129,0.04761834837736623,0.5301244208362642
TCGA-CV-7247-01A,0.03984120891318017,0.03778062771666032,0.08788457390749696,0.04328029823541386,0.04206971744554786,0.04934774785581439,0.0444251356573209,0.05926003175197791,0.2360534910429384,0.3600571674736492
TCGA-CR-5249-01A,0.036956564724969596,0.04777173280025705,0.048804141271047825,0.06735028788603757,0.059798317474054244,0.027449495481409417,0.05062917483203044,0.046155142887172776,0.4909349820451701,0.12415016059785101
TCGA-CQ-5331-01A,0.03891221691811314,0.03345089947765155,0.0376870895167367,0.07250367100879271,0.04419137196163938,0.04914301577597165,0.048806088705145044,0.036457136204342704,0.04125365989613501,0.597594850535472
TCGA-BB-8601-01A,0.0435834890106191,0.04022136767817072,0.053069219074473824,0.04160884054953413,0.044022393216697236,0.04063350791196336,0.04936119430270091,0.04894464084256789,0.04037143918304042,0.5981839082302324
TCGA-CV-A45W-01A,0.05245690346663118,0.04907884598421916,0.09563761633171275,0.09572025303507359,0.06420844594747606,0.05022684779079313,0.0540718581255063,0.04628286056579851,0.060325905065841796,0.43199046368694755
TCGA-CQ-7063-01A,0.03843967639439774,0.047420021184108506,0.05009841737853623,0.08496114761817228,0.04553639901369422,0.051694186181970185,0.045270697090214494,0.046435393699011014,0.03680877998803115,0.5533352814518643
TCGA-CN-5373-01A,0.044113964799710366,0.03711966636797283,0.04505931476142151,0.12530860245964717,0.03819475073789731,0.050087338112209195,0.04855545586473699,0.04179813368015305,0.0358165194086779,0.5339462538075737
TCGA-CV-A45T-01A,0.04136762270538436,0.04610362177509955,0.045797782234581245,0.12536260086586323,0.03935286330577501,0.0358609677961788,0.05112046616314296,0.03989595929969821,0.039999526564165645,0.535138589290111
TCGA-HD-A4C1-01A,0.04177707543596384,0.04432718190488405,0.04648377017298336,0.07738062219416024,0.04147362244012499,0.04135986951535007,0.043834661814963524,0.038572007974048673,0.046414312022654856,0.5783768765248665
TCGA-CV-7438-11A,0.040686567958645,0.048486465574683994,0.047814588878099515,0.08702892850788232,0.04776888600552063,0.03611623391834697,0.051834090582093054,0.04288692606858988,0.0917495510211559,0.5056277614849827
TCGA-CV-5444-01A,0.042325667064295226,0.048373922495017756,0.052342806514419006,0.29425473473328695,0.06962227068847367,0.048540425118605415,0.1095600883672923,0.049005500722882685,0.15832555712849755,0.12764902716722953
TCGA-BA-5556-01A,0.042165376478349274,0.042585930902995256,0.04063190075612056,0.10450600670108552,0.043473543344784336,0.04950035981715771,0.047312380044524954,0.04153559866429487,0.0474662832146005,0.5408226200760871
TCGA-P3-A6SX-01A,0.044304282586420524,0.042540215385394285,0.07935857679805447,0.07780106831083226,0.04123456225786615,0.04637498147529265,0.03674263423080709,0.03392777831299873,0.04908152477678768,0.5486343758655462
TCGA-CV-7242-11A,0.042695030200672404,0.04302425736155059,0.06736096233817991,0.058038231236521395,0.05909668929209842,0.04920683709292566,0.05022826414965604,0.04178310492331232,0.04933139230769388,0.5392352310973894
TCGA-DQ-7592-01A,0.03866044491666868,0.0387138161141761,0.040826806782195815,0.13248187066108455,0.0369235129237222,0.04544224872164614,0.038663490257733545,0.03404222285392956,0.04399555353294146,0.5502500332359019
TCGA-CV-6937-01A,0.045569842353849144,0.048556138920514524,0.0481201427838107,0.07174776635824776,0.04515324580973442,0.03843189891032651,0.03806070979286784,0.04462706599453845,0.037579590716124794,0.5821535983599858
TCGA-QK-A8ZB-01A,0.03861778818958767,0.04134331439640117,0.03705331307942379,0.07887787562142058,0.035851926681562236,0.04412695637942459,0.042905095336804595,0.03926095484389719,0.04464997426309511,0.5973128012083831
TCGA-CV-7432-01A,0.04329592644426002,0.04171880974330447,0.04791798343724568,0.04330835063610975,0.040795214124832835,0.04162641186619409,0.03979877899621586,0.044796625177897675,0.04598377986889146,0.6107581197050482
TCGA-CV-7089-01A,0.043976765265466504,0.04369052376623742,0.040214681027403706,0.0754894278072566,0.03885972228180361,0.04580294795413702,0.044569144121850535,0.040165848594126724,0.04808159671690782,0.5791493424648101
TCGA-CV-6939-11A,0.04536471093263442,0.03292494481092805,0.10204608133359776,0.06390306578198406,0.04542278976916099,0.037634876367076416,0.039785063001671485,0.49775977231383084,0.05872769537620473,0.07643100031291124
TCGA-BA-4075-01A,0.039478413660722265,0.04255127495885919,0.046078379626480905,0.04124764797482742,0.04283343625389185,0.04648384220745803,0.05092811201805997,0.03720186502343496,0.03728280753682529,0.6159142207394401
TCGA-T3-A92M-01A,0.041530359760657165,0.036542464433245936,0.04215479731419574,0.23439019249885554,0.057222535915043934,0.05115426367530784,0.048144199575150384,0.042345888308303395,0.035286204753130886,0.4112290937661091
TCGA-BA-4078-01A,0.039175254539783176,0.04445868051609135,0.11726648043474548,0.1914164711525452,0.057001923068425775,0.0517636383418731,0.04297722210228242,0.03802193793376132,0.027811018495140227,0.39010737341535195
TCGA-CV-7100-01A,0.039502669773164925,0.04307087061403466,0.042537505653032215,0.16081775686598757,0.056738658962479996,0.05225530857560798,0.041675022132782756,0.043105561613414264,0.37052777819733507,0.14976886761216052
TCGA-MZ-A7D7-01A,0.045589600303739035,0.04474155575033121,0.07025724203964702,0.05310924195277422,0.042605375294380736,0.0449455045077276,0.03777113738700383,0.04059053782292782,0.03960608861881561,0.580783716322653
TCGA-QK-A652-01A,0.03921065589696689,0.0453831022819653,0.04463609029289617,0.10185217339098702,0.038195581070542946,0.04313135973158236,0.048295349224031635,0.10537650947376494,0.04559252498757159,0.4883266536496912
TCGA-CV-6433-01A,0.03853907388202378,0.04328919027708853,0.040468046506550004,0.22109959112629005,0.0772757510507154,0.04841909919537476,0.04590920811429428,0.03775303240089192,0.041400135126409,0.4058468723203624
TCGA-CV-7416-01A,0.04008438737404734,0.045992809150560074,0.0505819191092757,0.07550160499751214,0.04565946583074718,0.04300594185679108,0.045583255067494846,0.04206923637109692,0.4751498281756118,0.1363715520668628
TCGA-CV-A6JY-01A,0.04366007478230775,0.0411140225573901,0.05098927211460256,0.045920024831570816,0.04324520755617326,0.042786490190633984,0.04716752836820984,0.04558878960492958,0.044221321176397405,0.5953072688177846
TCGA-CR-7399-01A,0.04192929459087622,0.043836431304823925,0.042537322119199146,0.07043399132816597,0.06313928244768516,0.04314611527816039,0.03140331542492043,0.034763336403992214,0.3671220171686939,0.26168889393348266
TCGA-CV-7568-01A,0.04123463676976292,0.04385550035782379,0.042154647952330836,0.23883839520532893,0.04112250863424816,0.050479153007101506,0.03498759955638007,0.02768274275494393,0.22475787018551763,0.25488694557656216
TCGA-KU-A66S-01A,0.033813417054930975,0.04305859406807326,0.042465141267542326,0.1299962887118085,0.04244087552600435,0.04935156719386312,0.04585934034133032,0.04039707724838669,0.2903804942566501,0.28223720433141036
TCGA-QK-A6VC-01A,0.04132988693285975,0.04760959747539678,0.05067554091945095,0.07676123098254313,0.04922183798344117,0.04986425165779822,0.04082213605738979,0.04484856811812542,0.45101576302161395,0.14785118685138085
TCGA-CN-6998-01A,0.04378226390118199,0.04088759062100555,0.044477401955310296,0.05225986443811173,0.04040271090137629,0.043792266840393175,0.04632111261530953,0.042003603570756574,0.048765746569753264,0.5973074385868016
TCGA-CV-6941-01A,0.04108431314117536,0.04492334459945092,0.04311148099439646,0.10607196951686783,0.037973739674449634,0.04748860474629114,0.044722185095754236,0.04052558989263615,0.03256487473416347,0.5615338976048148
TCGA-CN-4727-01A,0.04633684685381665,0.04369105435072504,0.05052671251180564,0.04753190964018409,0.044165285345108954,0.04343705243512168,0.04254998201567969,0.036573214988601804,0.15276841583163359,0.49241952602732286
TCGA-BB-A5HY-01A,0.039946414287998645,0.03644938385011809,0.05082897918795436,0.0775758563658912,0.04160335867540174,0.04193721383297769,0.04771596332159955,0.044301510275558405,0.04825349555987303,0.5713878246426272
TCGA-CV-7263-01A,0.03738042247089783,0.03912664265513879,0.06623913634027805,0.2117628322003238,0.04682156184886407,0.054692836927004926,0.0335184487567973,0.04840234973073536,0.0404667339871309,0.421589035082829
TCGA-H7-A76A-01A,0.0451531633979458,0.041093679383362315,0.07981934952609697,0.15111538909502256,0.1269928283588933,0.05434973616538219,0.053869893360580526,0.04002327340297581,0.04354235487188111,0.3640403324378594
TCGA-CN-4723-01A,0.036456662510672554,0.04343578907147162,0.03630101639051672,0.178703431655868,0.05296326543903638,0.04671448922933698,0.046457614904661326,0.04051557544582568,0.04105716385467894,0.47739499149793185
TCGA-CN-6997-01A,0.03994943425465234,0.03473724721552054,0.12290392560833178,0.03772351458321965,0.038135493183364545,0.0474209689937746,0.048351615077823276,0.035276579065977406,0.13218306594308168,0.46331815607425414
TCGA-CN-5364-01A,0.04523696323205004,0.0367609897219982,0.0806525657731433,0.04837173169208527,0.04601178649723546,0.05180132218743044,0.05038789801006683,0.05937707913677491,0.3109113271723382,0.2704883365768774
TCGA-CN-A63V-01A,0.04324640242127986,0.04327218027450992,0.04412733747280464,0.09140986351690326,0.039941849016917434,0.046577369196379226,0.036628817739547584,0.04515702032801203,0.04932048150700853,0.5603186785266375
TCGA-CQ-5325-01A,0.04293280645562467,0.05217023706965921,0.04845183504260516,0.1487471703494598,0.06522194076483179,0.04986459890477748,0.05004661925261775,0.10052183978303272,0.0349077426318905,0.4071352097455009
TCGA-CR-7386-01A,0.044632365144182215,0.04687295155266506,0.04348332386725435,0.3492178028536369,0.06180475492202229,0.037224931934380485,0.0506071436230742,0.0413368371446644,0.04296284736288878,0.28185704159523134
TCGA-CX-A4AQ-01A,0.039121230383724816,0.04883352612375026,0.046441263600299695,0.11740928034973323,0.11221865654598483,0.051602602634989836,0.05226606906516721,0.042331114875746464,0.13368521602186548,0.3560910403987382
TCGA-QK-A64Z-01A,0.04333237598410264,0.036856667655699185,0.04923184133145698,0.08551266809296912,0.039369355710588604,0.04655865750378857,0.04479985725578462,0.036676534165690514,0.13495585045484945,0.4827061918450703
TCGA-BB-4225-01A,0.03424323117130312,0.04271286008185368,0.03800550879912883,0.14857550548404996,0.0691700470968267,0.05180064949518176,0.037955704738117345,0.04054779932884825,0.039996457597278996,0.4969922362074113
TCGA-CV-7183-11A,0.04704255394782085,0.04931204989154698,0.04887753254709976,0.04145186394764423,0.04131121510227792,0.04579047750021142,0.04817711121404413,0.04273514247754705,0.04952872022990264,0.585773333141905
TCGA-T2-A6WZ-01A,0.04072605413724278,0.04708574316034282,0.053208295209005156,0.04792461724113866,0.047117638502879006,0.03960834570403101,0.04894537305530626,0.05113288299569269,0.04511779108637957,0.5791332589079821
TCGA-HD-8314-01A,0.040395838670176216,0.048676838012173373,0.09589035457278171,0.0583377386561231,0.0615889919153926,0.04631616434221471,0.05494138936149307,0.13947786334796453,0.3646993064106281,0.08967551471105244
TCGA-CR-6473-01A,0.04164546913958064,0.04063109779102672,0.0442336998750957,0.045640928444252354,0.04152166526966609,0.047047529277954206,0.03492915658228103,0.046519779955671164,0.05074400646731768,0.6070866671971543
TCGA-CN-A642-01A,0.04345868458747577,0.04933218256928205,0.04607342713550559,0.0736465301142979,0.04782930876690368,0.046442198419967703,0.05049634271673338,0.036064344752447394,0.04987198223014783,0.5567849987072386
TCGA-BB-A6UO-01A,0.04537479524140361,0.04239207967069173,0.049103960824766014,0.06172468324683578,0.0427931834605292,0.041915581035579484,0.05000275834121993,0.04518513937631426,0.04215746729570973,0.5793503515069502
TCGA-DQ-7591-01A,0.03777937316810546,0.050571827163768526,0.04857318434942126,0.09386583711221416,0.06066796186448356,0.05168821991861301,0.04666070506448508,0.03875467416379701,0.41604330376557547,0.15539491342953646
TCGA-CR-7398-01A,0.04275553176630094,0.04244189824139252,0.04290207301439469,0.08950929884809139,0.039702755017215395,0.03914292959072241,0.03744510880466531,0.042724637640642264,0.04130399550259316,0.5820717715739819
TCGA-HD-8634-01A,0.04514855361370738,0.042492213944884595,0.05111894240178889,0.0485941319995703,0.04317407708902194,0.043856050347526945,0.04839740871304158,0.04700019316500416,0.045537841795105186,0.584680586930349
TCGA-CR-7372-01A,0.04407005996151379,0.04315303669244717,0.044845514666526406,0.0626011073965045,0.04167235565449452,0.044641341926780785,0.04449033803290643,0.03944948402687117,0.0461071406568521,0.5889696209851033
TCGA-HD-8224-01A,0.040024568549288805,0.04324300202894812,0.0729079064985697,0.037517735086062425,0.04964820130218499,0.044722463862485365,0.047027878970001664,0.3373115064009865,0.20245692812267319,0.12513980917879922
TCGA-BA-4074-01A,0.0392230909380897,0.04272772472267055,0.03874660983895236,0.04937773101481098,0.04745591392364074,0.04733727239359798,0.04265600951478725,0.040841867978816296,0.44918809663170733,0.20244568304292693
TCGA-CV-6961-11A,0.037705425732602604,0.043391010655460645,0.04714716718418869,0.03931706336113774,0.039403727243676835,0.04173345946715369,0.0441101231281488,0.037673489004538936,0.08196673685241022,0.5875517973706817
TCGA-BB-A5HZ-01A,0.04446284810787287,0.04403318869468455,0.051230834469255374,0.044423975591412417,0.04290042976862356,0.03916605407152849,0.04518689990340821,0.046422126655186885,0.05096084588452541,0.5912127968535023
TCGA-CQ-5332-01A,0.04432240438664527,0.04329418859335541,0.04918638206740289,0.06272281936617136,0.041740721116903856,0.043627258705215374,0.04627605925386106,0.04295749074544684,0.04127814992143494,0.5845945258435631
TCGA-CR-7380-01A,0.0420827794024508,0.04275441179187369,0.0462448101782855,0.10538033322672902,0.03944749437875308,0.03484483357152978,0.03497687729483175,0.046633525454254005,0.043758712849221115,0.5638762218520713
TCGA-CV-6936-01A,0.03866835936405625,0.04510515528334057,0.040559025177555705,0.0632366531666323,0.04495176821108558,0.03535021907332168,0.04730161218820145,0.0401889264087366,0.04441992986786268,0.6002183512592072
TCGA-MZ-A6I9-01A,0.0408706741152605,0.03765164997267527,0.1347467159128336,0.14083711798477888,0.035797581152781026,0.032731763111973636,0.04477759574607117,0.028070435946206593,0.042198230935063155,0.46231823512235626
TCGA-QK-AA3J-01A,0.03813047930949119,0.04122196811174662,0.04074224635575076,0.0386715202228902,0.0481983508577706,0.04702853184125849,0.037730257071525386,0.03747173646874199,0.45824293855579024,0.2125619712050344
TCGA-BA-4077-01B,0.04382468395847833,0.0399512826063024,0.04651695715894206,0.13999040597777088,0.05437575727960255,0.05154277314678637,0.04379501359382668,0.03237496950560637,0.21134399517181238,0.336284161600872
TCGA-CQ-A4C7-01A,0.04142440018481194,0.04110285177715658,0.051747895356814996,0.21101850025058713,0.0382493839904483,0.04775685077844376,0.03610692445637381,0.03537187318039404,0.04817662841760127,0.44904469160736815
TCGA-CV-7422-01A,0.03953505426796707,0.040236309011707334,0.03715593094799012,0.043002396256529324,0.03867862933663125,0.036082910463520766,0.04006361884018423,0.03750095987387346,0.3075054483965855,0.38023874260501095
TCGA-CQ-A4CB-01A,0.04173707156249579,0.03609182032792261,0.04929141364072526,0.09997459589156751,0.04070086730113115,0.05048606985778227,0.047899843073414355,0.0367608961523573,0.3087516094933647,0.2883058126992392
TCGA-F7-7848-01A,0.038661926927798296,0.03783420120959301,0.07324188958931532,0.040652642472937,0.048476369099256414,0.04397056086928585,0.03423235180148923,0.043241766741689724,0.5156915798319325,0.12399671145670274
TCGA-CR-7392-01A,0.03581697614823057,0.04550073050005204,0.04126699227306279,0.18434134957650483,0.04223636824079185,0.04709934135659703,0.0348622514252455,0.0381761821769022,0.046964401737786925,0.4837354065648263
TCGA-CV-7178-11A,0.048404147742428814,0.04245933709217936,0.052108493973667507,0.1413141262598031,0.04820168796614993,0.04279395303574136,0.05243393337908828,0.04599288217295977,0.16599646506871368,0.36029497330926835
TCGA-QK-A6VB-01A,0.04369900365803041,0.040012106541002575,0.062089205414252724,0.040348321510866175,0.039807816456840145,0.05222764531930379,0.0341569338807229,0.041614241492442514,0.04668018347549798,0.5993645422510407
TCGA-CX-7082-01A,0.04388627505540768,0.04317131087479838,0.07062145611554727,0.034266015119327385,0.03833336377996307,0.05063348607694687,0.048013374704992874,0.031774431679599285,0.12650481320252435,0.5127954733908929
TCGA-CV-7414-01A,0.04336565065165911,0.04165899833828597,0.05759892230831822,0.0591254813324133,0.04520815463176614,0.049537854543778535,0.0477254741011391,0.0317275094687227,0.3506211799903116,0.2734307746336054
TCGA-CN-A63W-01A,0.04270782928691821,0.04419984617940471,0.046937082972094896,0.06929138306042006,0.0387188614632814,0.04668278747082084,0.039429610089972394,0.04223626334490943,0.04691293464992851,0.5828834014822497
TCGA-BA-5557-01A,0.04548243865746732,0.0414738265443804,0.04392754635137112,0.07463918699697614,0.03833899327215019,0.04228740650257928,0.03589449082251118,0.04479712316106054,0.034596283420146194,0.5985627042713576
TCGA-CV-7435-01A,0.03884477532585406,0.04504450751310938,0.037161798710586384,0.1928948299156258,0.03869426841258089,0.05032522823106214,0.04532321616332039,0.032067244252330755,0.04752577922511524,0.47211835225041493
TCGA-UF-A7JT-01A,0.03598361898151255,0.043221337070092895,0.03843193398325502,0.2196200293788057,0.07062707884567304,0.05007798107259567,0.034897588928091666,0.038815902870463846,0.04494567089640674,0.42337885797310276
TCGA-QK-A6IF-01A,0.04243121652076566,0.05115025050572744,0.05326391100537544,0.26370127503520574,0.09039376509801811,0.053275364163621,0.0524392809977959,0.04385945046209421,0.045989376378717355,0.3034961098326792
TCGA-QK-A6IJ-01A,0.045071019768070535,0.04748331643768536,0.05367937364351993,0.043583490870066195,0.042994435413811864,0.04385943352196514,0.0479497768767878,0.04795647575960251,0.04273702652558127,0.5846856511829094
TCGA-CV-7248-01A,0.03460632413583306,0.0440217834307919,0.0962974073634218,0.06889916943401515,0.0386088764498173,0.049437184684556545,0.045817454608373956,0.04290933219424341,0.045066173620894115,0.5343362940780528
TCGA-CV-7101-11A,0.04037799708259617,0.042155115517913545,0.08494733252280287,0.0464554709845265,0.05115536401279275,0.04628205427605735,0.039142818431767305,0.042791072137506304,0.5274532408135728,0.07923953422046459
TCGA-H7-A6C4-11A,0.04759670161610226,0.0394242152112567,0.07295893262431331,0.03807015765120719,0.04200373815169225,0.04230080404815111,0.04326820560715072,0.42858949112069233,0.04944432083995506,0.19634343312947908
TCGA-CV-6942-01A,0.04104333897520264,0.04376608162057492,0.04524046435256891,0.19130345451113434,0.040061988683969735,0.03773785715349841,0.04930770223262964,0.04453595172991315,0.0498729605068941,0.4571302002336141
TCGA-RS-A6TP-01A,0.03529327471569004,0.035560605330154,0.048386701983794675,0.11905206773689105,0.039111929008439704,0.05238990252160361,0.037739392580479425,0.04250518579175474,0.07174171036496028,0.5182192299662326
TCGA-CV-7091-11A,0.04857036318237642,0.03202107449119141,0.11154865710732706,0.05156281982488027,0.04709577304770437,0.03494858652863295,0.04198429389638846,0.4851788219431684,0.05857096864560476,0.08851864133272569
TCGA-D6-A6EM-01A,0.0379061885046787,0.039284319745085075,0.04726734341477752,0.1059602585621691,0.04503544172072433,0.05040682477142965,0.03837202605362184,0.10167683316199777,0.04498532208922652,0.4891054419762894
TCGA-CV-7101-01A,0.0408726661570159,0.03580043870594207,0.045135725150737306,0.06600096885454047,0.03811953124332274,0.036143955032198985,0.036185927086171764,0.04520563833183252,0.05064221564204784,0.6058929337961905
TCGA-CR-7371-01A,0.040091683572850124,0.044247254149708405,0.03996896858092279,0.09394701004440202,0.04093725909088308,0.04840894232352935,0.04869918924704714,0.03540028703087332,0.04742781723446127,0.5608715887253225
TCGA-CQ-5329-01A,0.044360500662095584,0.04287305244554034,0.04535200821144496,0.24452568593065402,0.05934219913887502,0.037481796749918264,0.039378913450288315,0.04208101894212062,0.042356502061097596,0.40224832240796526
TCGA-H7-8502-01A,0.03986455721963363,0.04143327257117153,0.046577192656716684,0.07417941529552446,0.0424038025415044,0.04434096957192808,0.049622661758692926,0.04308969896746288,0.043021791914722864,0.5754666375026426
TCGA-CN-6989-01A,0.03902732664047743,0.04317199992478664,0.07460929309422389,0.1532256138761518,0.05473399872679956,0.04210878413248016,0.042530228370758115,0.02888149774119482,0.043866137643383284,0.47784511984974437
TCGA-CN-5360-01A,0.0370635116582481,0.04669069987384302,0.04017337305897874,0.17686906202190988,0.07235294310446819,0.05276718892045269,0.04100043569005282,0.04622742738240536,0.036425574708378115,0.45042978358126295
TCGA-CV-7097-11A,0.040732716335797135,0.037273606806984244,0.10333256003369118,0.10664772555237376,0.04948037063023038,0.04876108192785423,0.05107356643546417,0.4293084580234799,0.04801974367067161,0.08537017058345338
TCGA-CV-7429-01A,0.042504115324365446,0.03975964325641711,0.15314798062703297,0.22004172182909487,0.042736472201148984,0.041737928026059114,0.03767868355909546,0.039778523564901275,0.039186944033739395,0.3434279875781455
TCGA-H7-A6C4-01A,0.04404385678574758,0.037928070301260046,0.049650672389718126,0.045854016850874216,0.042190331688675746,0.04458512198484989,0.04579973965757993,0.05324295979849664,0.04193606659967653,0.5947691639431212
TCGA-BA-5153-01A,0.0451261236100207,0.043246698137282685,0.04319735844712663,0.13289462429198667,0.08422915556011924,0.05615948266413164,0.04014621229047166,0.04322454042293679,0.08758838560013646,0.42418741897578743
TCGA-BB-8596-01A,0.04257346489322324,0.04610317976295119,0.14080449802493888,0.2668097133183518,0.059313157113634454,0.03711411185860611,0.051089650073334436,0.04069148640610901,0.048574197625098466,0.2669265409237524
TCGA-CR-7369-01A,0.04022012373766462,0.041284067026949416,0.04805158234609244,0.03846891186537219,0.038881007096861805,0.04745535426591383,0.04169964254181298,0.04131300210329798,0.04307284187693861,0.6195534671390962
TCGA-CQ-7071-01A,0.043257169440271845,0.04145415573794653,0.0475138463489389,0.08494022113267591,0.0414887629326938,0.04583872975835717,0.04295913059027579,0.04476810008370213,0.03526974072117552,0.5725101432539623
TCGA-BA-A6DB-01A,0.046606113074623666,0.04987157449130684,0.05284387693385808,0.17230867035737585,0.04826215897953904,0.048483734848685504,0.04622538434860647,0.09782842571728834,0.04091588647847394,0.39665417477024223
TCGA-CV-A6K1-01A,0.04317158116271913,0.0426443609267489,0.04576024325818058,0.048119473168433596,0.045386719917239,0.03460923533272744,0.038978800023234346,0.04026689901893049,0.052849656849672584,0.6082130303421138
TCGA-MT-A51X-01A,0.04458494542120405,0.04227159913068645,0.048810263098175356,0.04149618236188112,0.041267001303258555,0.04416620366385012,0.04241667540412574,0.04188166384230918,0.0501583623957569,0.6029471033787526
TCGA-4P-AA8J-01A,0.035874417745130796,0.04649958898590425,0.046787705008327116,0.13625929150878394,0.04052822971906527,0.0460265089754273,0.048669631298979096,0.03717208849266606,0.04604361062263153,0.5161389276430847
TCGA-CV-5439-01A,0.04089009704728333,0.036915096126523564,0.044896822318260234,0.06671516987078062,0.05286058855077978,0.05144756251415682,0.047648654802466814,0.04202775447750416,0.24651211840540152,0.3700861358868431
TCGA-BA-A4IF-01A,0.039403807069472586,0.04204754850531172,0.04948691423931877,0.06270329271047113,0.04477784841660229,0.048661574553262185,0.037152853169495105,0.04256498300302985,0.03967259144144046,0.5935285868915959
TCGA-D6-A4Z9-01A,0.044046648654413455,0.0381480491757793,0.047542598574644115,0.0649272420523688,0.04113480331921006,0.044021575344852557,0.041778440865886925,0.043200623227955204,0.04510966661532702,0.5900903521695626
TCGA-CV-7437-01A,0.03549014986833744,0.04200681098281962,0.044763486794341195,0.056842640888270984,0.03864183266894289,0.044728202129381146,0.04443040779308349,0.04443328671473188,0.0562540387826146,0.5924091433774767
TCGA-CR-6484-01A,0.041283914412388246,0.03515479838847957,0.04017722960711655,0.174129426233025,0.08119880007798641,0.04062159100605256,0.04671071853187737,0.036810371051533584,0.20208453824910083,0.30182861244243986
TCGA-CV-7245-01A,0.0425145459444824,0.040343876518360924,0.04407499132568925,0.09160072811443529,0.040285335777970846,0.045968076985803914,0.04430258412307909,0.04279496388852616,0.031852156841121936,0.5762627404805303
TCGA-CQ-5327-01A,0.0446750790780569,0.03839755346361209,0.046458062337957864,0.06058539185955818,0.03948363006911791,0.04891881789517029,0.04716958077835944,0.042910317228101014,0.04327053610818703,0.5881310311818793
TCGA-DQ-7588-01A,0.04309326640914289,0.04598821217380897,0.051267355370005874,0.041114402466576674,0.0402873409732457,0.040800578014765936,0.048360086756930494,0.040412088224517875,0.03830725626599685,0.6103694133450088
TCGA-CR-7373-01A,0.03918302661043551,0.04475262215208988,0.041831281389725646,0.13061924565073646,0.03838059231826019,0.03265476016121738,0.08401566209491058,0.03515059674414311,0.040167644437056386,0.5132445684414249
TCGA-CX-7085-01A,0.03476942005452211,0.0473713008698743,0.0421250154719444,0.12648988882906945,0.041688271422591267,0.04335588104272815,0.051906472308645216,0.03625257164934659,0.035833187715555465,0.5402079906357231
TCGA-F7-A50J-01A,0.04646941016070704,0.04445010667827611,0.051301953434253214,0.04350524007712604,0.04241578136278272,0.04522194020366359,0.04819590149276675,0.04492628668631287,0.046648051408038294,0.5868653284960735
TCGA-CQ-6228-01A,0.0420136473385673,0.04205480271248362,0.04451833992850564,0.04614557715105636,0.03919514994081695,0.04477117783921154,0.03383615482910711,0.04291464841114385,0.03244114992885888,0.6321093519202486
TCGA-CQ-6222-01A,0.043962063957545545,0.04579885535937814,0.044205703396198025,0.048066848152408664,0.05346084589743212,0.03736194240412111,0.04964143585940038,0.22694618040494066,0.033048808360111,0.4175073162084644
TCGA-IQ-7630-01A,0.04349198537122821,0.042209823853372214,0.04606703478693629,0.13943441250403715,0.03715036827353566,0.046205332173776766,0.037010056296414684,0.0413549400954904,0.034299512759671094,0.5327765338855375
TCGA-CV-7103-11A,0.04558177618948167,0.04877922550218628,0.05676884241516724,0.058732426180832104,0.045670401434526664,0.04974643033560372,0.04497110227777081,0.05297150924361038,0.30141616995521686,0.29536211646560423
TCGA-D6-A6EP-01A,0.0500131386510246,0.04557965615566145,0.21030850414571473,0.296175040261522,0.052263140957115393,0.04855813613721325,0.045929186481229414,0.044093656572647064,0.055906130874628875,0.15117340976324317
TCGA-CV-7250-11A,0.049123064566251755,0.0366377124821117,0.06349411792017105,0.042461639029296366,0.05511282888437694,0.046485735744797176,0.0374389002850083,0.5003454407126519,0.039107940799780735,0.1297926195755541
TCGA-D6-6825-01A,0.03578696002573891,0.044926044293717195,0.04234458095568271,0.08362259156779075,0.043119792068008735,0.05147308260560345,0.04612788619311568,0.038507994554827854,0.23306234187630304,0.38102872585921166
TCGA-CV-5432-01A,0.043587798560495696,0.046256310679542126,0.050383226066609485,0.05719396070268275,0.042998082999170496,0.04225883005623637,0.04483535637225674,0.0436036267522611,0.0532675847088101,0.5756152231019351
TCGA-CN-6013-01A,0.04120006494826793,0.04947373867044029,0.053385933106927116,0.047657178918036426,0.05706000281028838,0.04685523883012695,0.05195691906840208,0.04649961139156446,0.5116469214175234,0.09426439083842296
TCGA-CV-6939-01A,0.037059923618739214,0.306485013704573,0.06103128912584911,0.0664567727425227,0.07293665364408412,0.019559173291200684,0.13977830529519386,0.012534771841739857,0.13572601346404745,0.14843208327204993
TCGA-CR-6477-01A,0.04012338807858376,0.04115116955898318,0.0367174689428728,0.09550737406124551,0.037362472824235014,0.05042081773479547,0.03453359511508087,0.03826710564635738,0.03301826452611688,0.592898343511729
TCGA-WA-A7H4-01A,0.04247236278333317,0.04171066979974491,0.09393184894458766,0.08348365281586308,0.044088451764171685,0.0496427015752272,0.04952463207708615,0.07691989185866924,0.04037502415396749,0.47785076422734946
TCGA-CN-5358-01A,0.03621751288368887,0.04537391738442762,0.036025951200559826,0.21269932471796324,0.05799345606230613,0.05242853947942473,0.04974475198740423,0.03278347946422439,0.0390543832243983,0.43767868359560264
TCGA-CR-7397-01A,0.03739778740633637,0.04556525079095703,0.05193226288565934,0.2655541492510167,0.055149903697620496,0.0489523591284332,0.044782887460615345,0.03992870296415517,0.047487128860260124,0.3632495675549461
TCGA-F7-A61W-01A,0.04679543497047714,0.04516318713766621,0.04305177274589336,0.04373542944618315,0.04531885172166106,0.04246730038742781,0.04437251961725571,0.03777457184971705,0.19659722202292912,0.4547237101007894
TCGA-BA-5558-01A,0.041502272440425224,0.04016687505153449,0.044034236570773995,0.052481881616915194,0.038206363446473775,0.047650735456134234,0.03630105083598719,0.043821775741440305,0.050706992348134826,0.6051278164921807
TCGA-CV-5976-01A,0.04313111436143549,0.04217199593424149,0.042526346631102524,0.04639207322493692,0.038901443219147194,0.04550072224072203,0.047519257481361696,0.03539839950037851,0.04815116200035503,0.6103074854063191
TCGA-CV-6954-01A,0.04264994915317945,0.042829681351582854,0.04024344216118951,0.10289390773753182,0.06441087663063796,0.045916614092136404,0.047035420017618554,0.039121986731500115,0.03150636952107219,0.5433917526035511
TCGA-CR-7395-01A,0.044204613153571444,0.04676134963305489,0.04283335636061617,0.08195072618347837,0.05875782310480798,0.04873434428682365,0.042737100370666595,0.04404165314642267,0.03908643184876493,0.5508926019117933
TCGA-CV-7411-01A,0.043168587422740816,0.04361500732248733,0.04692728531173359,0.05319690601611293,0.04175287115148347,0.04293321168497654,0.043921467671904996,0.046221583330822234,0.03904374906745633,0.5992193310202818
TCGA-D6-A6EQ-01A,0.04542351486711787,0.040695755441066135,0.05071372932848095,0.07197882404634806,0.041729110138079416,0.044991975939435484,0.05166084788746967,0.04800551405569064,0.04086522718381377,0.563935501112498
TCGA-CV-7095-01A,0.04648866253382865,0.046648472961903276,0.05280456323621113,0.05417448526885669,0.041913763294058694,0.046389126159899235,0.04105082183016458,0.04105051571973284,0.05510808323861567,0.5743715057567294
TCGA-CV-A463-01A,0.04425491100374876,0.04780060652773723,0.052378665650358175,0.046718648832726,0.042696389739199654,0.03747735384967499,0.048365499119209884,0.038829348662532764,0.051442160931018145,0.5900364156837944
TCGA-CN-4722-01A,0.04240776187643593,0.0431688502799556,0.044904512658178665,0.06638348904127118,0.04073020542950731,0.042349967675205276,0.044931725898000596,0.04424072351935608,0.03403078623645127,0.5968519773856381
TCGA-QK-A8Z7-01A,0.03668007638093984,0.04191664059241905,0.05114274889691431,0.03791365752549512,0.04328394126012096,0.04424041694800189,0.044727546196903153,0.04632955737392891,0.050191155240793824,0.603574259584483
TCGA-CV-6961-01A,0.04199713562994737,0.041308597410088986,0.03956974222644869,0.08113915496440437,0.03762564026751258,0.051444361122777976,0.040744027644852784,0.04823096248790759,0.045678074755396605,0.572262303490663
TCGA-CN-5365-01A,0.04461375179102716,0.03846146254696719,0.04727392988094817,0.04030023661011018,0.041227180655017036,0.04703543166262372,0.035541395117925104,0.04613388993082261,0.04285500100576813,0.6165577207987907
TCGA-CR-5248-01A,0.046623105083662006,0.051064133848890296,0.04927169508829823,0.11153962446539516,0.09864449915897203,0.05365985200431117,0.0400231954300355,0.04297240566180848,0.2983828093524417,0.2078186799061854
TCGA-CV-6962-01A,0.03853482706560691,0.04426691871562724,0.04259660491475996,0.048986539774747165,0.03889355379267186,0.04205986445375667,0.04970159101455351,0.0444350362060567,0.050872753749087396,0.5996523103131327
TCGA-D6-6517-01A,0.041766242996798285,0.0405311761514626,0.040429610694433765,0.041293118424233465,0.03843399077002932,0.045883824567998624,0.04620753020205987,0.04545005938242564,0.04911848556536987,0.6108859612451885
TCGA-CR-6491-01A,0.03889787501721435,0.044077832257587185,0.04876534350029261,0.04057531655208943,0.04127275403803482,0.042644242788807706,0.04225254421974884,0.04384014026233666,0.05164362306581948,0.6060303282980689
TCGA-CV-7242-01A,0.048993794532561516,0.041944381055209076,0.038033871713673985,0.031173195861856802,0.05318591003292228,0.050848797208616896,0.04102391591709821,0.04068935996897061,0.2848813338905613,0.36922543981852934
TCGA-CV-A45R-01A,0.04366128944804481,0.044568215641068845,0.04269445305032462,0.11966496271216327,0.03849738483909211,0.047859010680390196,0.04466358019702199,0.0355445587069501,0.048549341774018845,0.5342972029509252
TCGA-KU-A66T-01A,0.043474710279145616,0.040402445177173195,0.04589125364107352,0.039411283268750034,0.04267277137415265,0.03815031807270073,0.03392942585256694,0.04336297951098645,0.04845291439868259,0.6242518984247682
TCGA-BB-4223-01A,0.03687925572095293,0.04523970719383315,0.08073405599244426,0.08561949118211686,0.08334697536599595,0.0522629977995491,0.050457531256991914,0.040689429773488925,0.2114573096119724,0.31331324610265443
TCGA-CV-A468-01A,0.042674570680004464,0.046867765756492076,0.04286342115623321,0.2105977722382041,0.05368222364387543,0.03809255987966257,0.05013730921899827,0.034999956720382794,0.04124206018055735,0.4388423605255897
TCGA-D6-6516-01A,0.03881163591469651,0.04450496312082367,0.04535318803856118,0.08245604437115901,0.0397413406172272,0.045894183297224,0.043941387859651786,0.04244975216996242,0.04800803916974624,0.5688394654409481
TCGA-CQ-6219-01A,0.04352795997694533,0.052140814218515505,0.052567342182121064,0.15664928414088267,0.0899519137947372,0.05269257768495403,0.04009533968226338,0.03485785071664984,0.041811824824713364,0.4357050927782177
TCGA-CR-6467-01A,0.03752669462701842,0.035461311588747685,0.03709080627162993,0.10741283872717156,0.09796619072484841,0.04991089249485526,0.04430137921289176,0.035033292412119145,0.21393356843770794,0.3413630255030099
TCGA-CN-A497-01A,0.042188210502400667,0.043307229898838145,0.06364708107637419,0.07410911900255224,0.04630834118361349,0.05038774364824657,0.03779779016955167,0.04280584353764164,0.3530234742639446,0.24642516671683679
TCGA-HD-A6I0-11A,0.045113330121496716,0.04972115112381198,0.042653349576719346,0.06538675446378757,0.04285406093996978,0.04666102211925351,0.05152824841519067,0.05199130608744133,0.03863631815646972,0.5654544589958593
TCGA-P3-A5QE-01A,0.039968609419070676,0.046789758680236666,0.046757261425669834,0.0977826527108279,0.051963591456443935,0.05242220153005875,0.04684515747088707,0.03069260853546326,0.3824883210275817,0.20428983774376022
TCGA-CV-7102-01A,0.0425974970043425,0.04109935743324122,0.04386514896060631,0.06812004339950947,0.04467976729542864,0.05240119853602425,0.04001533455391934,0.03378069385609198,0.4292251785279568,0.20421578043287958
TCGA-CV-5443-01A,0.043992455287540755,0.046396881700329407,0.046386268661484,0.12996074765076576,0.07879746773791266,0.05201517856544728,0.052314653553200884,0.044335001468258146,0.05115723375431083,0.4546441116207503
TCGA-CR-7377-01A,0.04349253154948361,0.03562302398762694,0.062184805544019645,0.18640688175862016,0.06393706180411914,0.0530959983864404,0.05000904495482753,0.03444992507434598,0.28672290513063303,0.18407782180988358
TCGA-CN-6016-01A,0.0388747574405966,0.04340267882182003,0.04968191265289036,0.16130704828663928,0.040826618487071614,0.05201044163874992,0.05028285617891763,0.07637161232351267,0.048191521791907686,0.4390505523778941
TCGA-BA-A6DG-01A,0.0446347801619866,0.03974535480405135,0.039557435960229134,0.15280674620340598,0.039711114568655906,0.049332540637739446,0.04495168186983157,0.03405793709592821,0.041288516116023286,0.5139138925821486
TCGA-CQ-A4CD-01A,0.036698796736393466,0.04577077748178511,0.04940717482192056,0.06714832689987177,0.0402799126478819,0.048855286774872046,0.0499970667834085,0.04524326236509106,0.03881477973745057,0.577784615751325
TCGA-F7-A50G-01A,0.04478728631512886,0.037089613905341795,0.04738693834126974,0.08474441469593406,0.03860876035465283,0.04057363928701345,0.05280295201885125,0.04264888902984847,0.04907408048326903,0.5622834255686906
TCGA-T2-A6X2-01A,0.039862738855595985,0.04671243802074194,0.05020260459088446,0.06381554549001855,0.04234169723512343,0.04905085706299919,0.04098681848132453,0.04970692440277698,0.04193546066061422,0.5753849151999207
TCGA-BA-5559-01A,0.04036857196272363,0.04947494225291729,0.046179493662844594,0.14418750766530591,0.08672111674087234,0.039108420483741614,0.04111088579162021,0.140118087587605,0.32229621467826103,0.09043475917410843
TCGA-CN-6021-01A,0.04199715719131414,0.03963470224411456,0.09026766994315599,0.037149014928885546,0.03856515200248108,0.047633598172040124,0.03548866653094335,0.04587108791924316,0.04858304846905972,0.5748099025987623
TCGA-CN-6020-01A,0.04309095270302814,0.04102846033585589,0.04527380360703222,0.08143910675484049,0.038339332371267604,0.042866384942822335,0.045739447430841206,0.04422806458962462,0.04305330952570968,0.5749411377389778
TCGA-BA-A6DJ-01A,0.04341019305883243,0.04094281417300343,0.047596401029818346,0.0855022290992962,0.04098576496978401,0.047818156551088134,0.04990273786793977,0.04429620204960658,0.04326176259692542,0.5562837386037056
TCGA-BA-A6D8-01A,0.04103250196844655,0.04241924538958319,0.04377303074363191,0.04521027830090937,0.043061208771883665,0.034109902146025786,0.04349976532547953,0.04448675794085051,0.07333410643700894,0.5890732029761807
TCGA-CR-7376-01A,0.04192687099414189,0.04526008017654584,0.04256457295073131,0.39734004601868617,0.08470139467160843,0.05065237230545341,0.03483088531442692,0.039556934028587204,0.044396146631114165,0.21877069690870474
TCGA-HD-A633-01A,0.04066612066177791,0.04312279839149708,0.045453171031142096,0.07008485910208972,0.039827355792098305,0.042837175301601985,0.04839903407926583,0.038705023558321346,0.03630569263933395,0.5945987694428717
