,B cell,Dendritic,Endothelial,Fibroblast,Macrophage,Mast,T cell,myocyte,other,tumor
TCGA-BB-4224-01A,0.03563778250043097,0.10474828276182672,0.12183985016993945,0.06879217932241154,0.089074204635461,0.054300679607506605,0.051115791934777624,0.0818260179312203,0.08941742953206248,0.3032477816043634
TCGA-H7-7774-01A,0.030522232343802254,0.08032880647022898,0.10742652747285843,0.07575062107406354,0.07826380023208797,0.08386049163033639,0.0628264869477566,0.06667282860483505,0.08181856488210969,0.332529640341921
TCGA-CV-6943-01A,0.02821662096284808,0.0986047583710015,0.12004602343558111,0.05851824206329053,0.12440120785018695,0.10082772477409048,0.06707145813022394,0.040957894407333696,0.008133302265495962,0.3532227677399477
TCGA-CN-5374-01A,0.0333631599820199,0.08513093203593085,0.11769351453808678,0.0820991101651201,0.11117748935272026,0.06673215623626784,0.07203646523969705,0.06837933354551413,0.2271228102693995,0.13626502863524365
TCGA-CQ-6227-01A,0.02261187388757224,0.0817964997724045,0.12043793731450066,0.05798037058725957,0.06448942044175414,0.09827437656576439,0.07221412799292448,0.043243080718575286,0.01331825232150674,0.4256340603977381
TCGA-CV-6959-01A,0.016367458259361006,0.0892422213002121,0.11991882397393605,0.05473063530200819,0.0730805577086179,0.10219815021354221,0.05466861372086314,0.047240511571402403,0.045408925415741465,0.39714410253431565
TCGA-F7-A61V-01A,0.034057425057015166,0.10674846027521488,0.11462246814018104,0.07823800099648529,0.08246506387103521,0.07411502391515071,0.04433170537265088,0.0778292748556385,0.08042136120002351,0.3071712163166048
TCGA-CV-7413-01A,0.033250323052954646,0.08883276646044357,0.13718575761207827,0.08418931730587387,0.08050927740656771,0.05063910996030903,0.04727153599449855,0.06141846282784593,0.060651514118815544,0.3560519352606129
TCGA-CV-7247-01A,0.026265650414098268,0.08714835324272145,0.09127150558865285,0.12027447734681722,0.06400706716774802,0.07548143756610945,0.039093450435962365,0.0827041186438467,0.04941581595238164,0.36433812364166196
TCGA-CR-5249-01A,0.03844674001174835,0.05969088822830784,0.10506534789764728,0.11452217509713186,0.09513724813895426,0.0782177629245841,0.05802261641763518,0.05399334230572462,0.26625750364625345,0.1306463753320132
TCGA-CQ-5331-01A,0.02479672250927368,0.08493887204872887,0.09856175180790461,0.08599365987841258,0.10271598316794672,0.10094274748663618,0.05704087550571439,0.04706571045826247,0.04838118837489812,0.34956248876222246
TCGA-BB-8601-01A,0.0427261474936266,0.09683946422919676,0.09369962308637594,0.07890802636355246,0.061114024617422866,0.07289448176321123,0.057870687204920876,0.07765514477483922,0.11051571266654499,0.30777668780030903
TCGA-CV-A45W-01A,0.06815216509092124,0.07504391555111348,0.11724412122563865,0.08001119708777679,0.08539349257614005,0.0807499054606428,0.06812056910333372,0.07315480762322635,0.0827380237421411,0.26939180253906564
TCGA-CQ-7063-01A,0.022545350013145695,0.09850745006159392,0.13638191854828755,0.08674126261875433,0.08641538657971996,0.09504337338411538,0.07408903766442433,0.07571669231899358,0.05203509485811021,0.272524433952855
TCGA-CN-5373-01A,0.03498932155441715,0.11063655449362525,0.12788685365344482,0.1098934156212834,0.08433041381419516,0.09846180853115935,0.05374173427054237,0.05853930780817354,0.03794351555792385,0.28357707469523513
TCGA-CV-A45T-01A,0.02420375085203122,0.08963815989733358,0.11873541824241551,0.08477213597272204,0.09068197858731698,0.081271967630293,0.07198818509586555,0.05187221963749789,0.06134076798293938,0.32549541610158494
TCGA-HD-A4C1-01A,0.04175726103711101,0.08584525996467135,0.10957340378110192,0.07779985109514748,0.06504493479083463,0.08569795015490154,0.050398207240406924,0.06391856749909763,0.09841309781944994,0.3215514666172776
TCGA-CV-7438-11A,0.02818634183469139,0.09679875578814749,0.14903415611354137,0.0825906465639695,0.07927382227039366,0.077919567329375,0.05426901640321472,0.0649938334039177,0.03896148963940674,0.3279723706533424
TCGA-CV-5444-01A,0.03027132314041334,0.08268410369963673,0.14229871334279337,0.15028087274489,0.0929028801029171,0.09954447630358226,0.08262895187802456,0.06561612758871938,0.07073353859028116,0.1830390126087421
TCGA-BA-5556-01A,0.02862342729717916,0.0738798113513194,0.09954480255789079,0.08531513813540834,0.09518224639187238,0.09235797543804866,0.07621435333442422,0.05443068176949308,0.057818302162815985,0.33663326156154805
TCGA-P3-A6SX-01A,0.03127964152498928,0.08952220216315881,0.11511721043837149,0.0930777905736672,0.050944939594826634,0.08533123758661586,0.06205879290868402,0.07074356853827861,0.06285460988451207,0.33907000678689597
TCGA-CV-7242-11A,0.03285912024058294,0.09629982038668923,0.13384522008805091,0.07369444201893817,0.07278571856647773,0.08144742680907253,0.0732927269169468,0.05654500025376295,0.05775916250983151,0.32147136220964734
TCGA-DQ-7592-01A,0.006641509115116807,0.07292389357068293,0.14618765987890558,0.07582698647758086,0.050839844256560573,0.07185679486812153,0.047255246211928,0.03507643234914998,0.1196300198135869,0.3737616134583669
TCGA-CV-6937-01A,0.030371182809756477,0.10019985117458682,0.10611227664066904,0.10179470921359389,0.07462250849208882,0.07724213018832085,0.05678869797416841,0.06939817277309199,0.07875819980188957,0.30471227093183406
TCGA-QK-A8ZB-01A,0.03594965049996844,0.09201896630051917,0.09622095491263544,0.07060901798560741,0.07314635248638865,0.08930115674677618,0.0525214231063926,0.052313580366425534,0.034852563463540785,0.4030663341317458
TCGA-CV-7432-01A,0.03409959825378278,0.09242519148127576,0.10701683486161867,0.09847962364481637,0.06830855948194482,0.07458075529781898,0.055986408426746403,0.05842110469524444,0.04542517127828011,0.36525675257847173
TCGA-CV-7089-01A,0.020651832624626533,0.0922089188151352,0.11834763853757638,0.07202355580198455,0.07442483389298084,0.08127775671682008,0.05340357851148112,0.05657715227242079,0.059474162505716785,0.3716105703212576
TCGA-CV-6939-11A,0.0475260296478955,0.09204441008835713,0.12522731452278163,0.10456960224694696,0.08709248639576526,0.05966710880068986,0.05572652994435845,0.23050258777614552,0.12103842669427499,0.07660550388278453
TCGA-BA-4075-01A,0.02854783550303407,0.10499239184090056,0.09470112929228745,0.08015636929311706,0.08316875603944575,0.080910321019403,0.06025726067476962,0.07325274655673338,0.0598411190972081,0.3341720706831009
TCGA-T3-A92M-01A,0.03593211656682998,0.06761270135566187,0.11846053753787376,0.08378161804876708,0.08003141223795511,0.0952538709525648,0.06473070788304831,0.06677460107187809,0.06242695421536709,0.3249954801300539
TCGA-BA-4078-01A,0.024351215544411456,0.06464247833207551,0.09651657768238275,0.12362904325276494,0.07787378252673677,0.0911559928758314,0.052163562038231734,0.039556188753364044,0.043578559487572915,0.3865325995066284
TCGA-CV-7100-01A,0.037168724315779375,0.08128184278876668,0.09073525246920419,0.11630814284201298,0.07680930909702492,0.08994419391256453,0.0484973577103156,0.0700189208894187,0.10802626355499637,0.2812099924199167
TCGA-MZ-A7D7-01A,0.04857091629778997,0.1042245349641429,0.08906219779863286,0.078733958640661,0.07218575887128807,0.07169208186099046,0.07335064442769555,0.0888975206420967,0.08861097558399944,0.2846714109127029
TCGA-QK-A652-01A,0.023325212462977966,0.08252474228838745,0.1028337858663494,0.08323581011385406,0.07983915912776215,0.07700925531976512,0.05267109191154541,0.05766481390651162,0.06480075552865641,0.37609537347419036
TCGA-CV-6433-01A,0.03837220863464978,0.0693281638526264,0.11689871563051357,0.0808530109123484,0.10831891934571924,0.09221482970619878,0.0764200928728431,0.06267086345274475,0.06742245456244092,0.28750074102991513
TCGA-CV-7416-01A,0.02197422324927903,0.09064086315633785,0.13617632435010307,0.1163517821021187,0.06623240777932693,0.09650882695713695,0.05069598958698798,0.05927774364368856,0.04703601124213517,0.3151058279328859
TCGA-CV-A6JY-01A,0.03931299820010537,0.1015541144426798,0.11638657745510617,0.06781112715608809,0.07589454623906759,0.08002598515620486,0.07203665050781068,0.08386235438779137,0.08169209233656792,0.2814235541185783
TCGA-CR-7399-01A,0.027126652804034115,0.06429854195092219,0.1267791129916503,0.06597348960730888,0.117939995697568,0.09765337146249467,0.06868690035782689,0.06356843495913468,0.02604534073473172,0.3419281594343286
TCGA-CV-7568-01A,0.03128999573033463,0.10744196829474595,0.13974521775599158,0.1529166224536472,0.0843336100046026,0.08413070243440986,0.04949308702368085,0.03778710576120511,0.08724103114490532,0.22562065939647682
TCGA-KU-A66S-01A,0.02944674738901061,0.10526503327521058,0.11540484323490142,0.07204564898996291,0.08901097603655218,0.08381121881707485,0.0656903731446276,0.06847201930083231,0.14480658808372412,0.22604655172810342
TCGA-QK-A6VC-01A,0.03826589165705965,0.0797392601101313,0.13015778146240983,0.08728021730831809,0.0842513141939211,0.08704348570434013,0.07592365244892377,0.06734019100927892,0.15919495653691965,0.1908032495686977
TCGA-CN-6998-01A,0.024153171281512495,0.0912246749710118,0.11537225458749795,0.0602107155820928,0.0742590471096627,0.08774635474624763,0.05737608333181487,0.061234374052496314,0.0695143504422302,0.3589089738954333
TCGA-CV-6941-01A,0.02270950237907478,0.0941089902847323,0.12233062106017559,0.07676634341471872,0.08018926354535585,0.08500642152394133,0.0548925928069308,0.05881381782237172,0.04478516474246482,0.36039728242023406
TCGA-CN-4727-01A,0.029677760309987644,0.08212036436419026,0.1200729599725979,0.09716482332125505,0.06843585016013144,0.07091843158677445,0.047833872450712356,0.07612052829292469,0.07163522484852806,0.33602018469289824
TCGA-BB-A5HY-01A,0.038690604657174735,0.10101793669684617,0.1139948623152317,0.08849817602768743,0.07709252729750794,0.07460577450772336,0.06984399592014534,0.07486413701988033,0.07941699818954283,0.28197498736826015
TCGA-CV-7263-01A,0.018355972968419797,0.07870499772340696,0.11175359803045962,0.09476311774158483,0.08104529966623626,0.10018018334556426,0.05150485434970486,0.04839906594533824,0.0693226312021483,0.3459702790271369
TCGA-H7-A76A-01A,0.053194723060004626,0.07256467528100244,0.10362682332468345,0.09515239913754053,0.10656280579965034,0.08057293692748141,0.07945460432992492,0.05905948647344661,0.10239412719038074,0.24741741847588494
TCGA-CN-4723-01A,0.03202521991889116,0.06753427982601921,0.11847087428502974,0.09405056666746052,0.06683960966315065,0.07641850386861729,0.06502756691576536,0.09732475909079377,0.0332341196411132,0.3490745001231591
TCGA-CN-6997-01A,0.053823603611847425,0.07732576222094112,0.11627935156069984,0.06788781091776895,0.08784962308073668,0.09098921962185151,0.05191366998787242,0.056296415346144095,0.03477320950448673,0.3628613341476513
TCGA-CN-5364-01A,0.016637747175890633,0.08842051235945456,0.12797031917663995,0.06933475204019032,0.07546397020784128,0.08586564647898912,0.07070759441122182,0.04976896718144375,0.04912684834883189,0.36670364261949673
TCGA-CN-A63V-01A,0.02690705333364023,0.09077630609432281,0.11457375536958522,0.10732842883066782,0.07247234422102511,0.07826880875630052,0.05886251083563719,0.059903249669715546,0.05652918065962956,0.3343783622294761
TCGA-CQ-5325-01A,0.04557125042341101,0.08852605189514404,0.11679879567125107,0.09557158834863667,0.0980373853278905,0.10728278088704095,0.06215537325354527,0.06735678824131121,0.05387418297214475,0.26482580297962455
TCGA-CR-7386-01A,0.023122111667665687,0.10561992279112119,0.140164915003506,0.1237812880327342,0.09186499923549375,0.09808540037287103,0.05228436193529333,0.06315214265326749,0.04199676033596137,0.2599280979720861
TCGA-CX-A4AQ-01A,0.04048332055754576,0.13348610464442054,0.09855848964830993,0.07786445995622936,0.10504009755850353,0.10189205399236384,0.08757266928087044,0.06838292371451812,0.06552662583668648,0.22119325481055194
TCGA-QK-A64Z-01A,0.031656337454493116,0.09936811279091345,0.10760972107383986,0.0883130958222227,0.0795545870210039,0.08106554775333254,0.037360304499009955,0.06639922650817286,0.0741795787646269,0.33449348831238485
TCGA-BB-4225-01A,0.04029755090702222,0.08958394563340862,0.13344790195534195,0.10282232797354561,0.10414440972749463,0.08844149348790369,0.07326945856077986,0.052601229837903975,0.05094853257656264,0.2644431493400368
TCGA-CV-7183-11A,0.03526481550837233,0.1100751324235395,0.1252808333109793,0.05267029968344735,0.06861592311086519,0.07622614999159166,0.07474766124465716,0.07995275386196657,0.08189748214174312,0.2952689487228377
TCGA-T2-A6WZ-01A,0.05201034951799981,0.10526298089647049,0.10569072850626966,0.08904480494252782,0.07769772749125818,0.07916911255080734,0.07183984615998049,0.08729810653734892,0.08580513472741003,0.24618120866992732
TCGA-HD-8314-01A,0.034357606191532296,0.1011094054603449,0.10502141564195029,0.11378997675280848,0.08480865162625781,0.08010877431219578,0.07438774023647104,0.12351742777728895,0.15148603424088078,0.1314129677602697
TCGA-CR-6473-01A,0.03860481527139436,0.1001709899437131,0.08768276043817999,0.08484555175327121,0.0834612486065256,0.09193349488974017,0.0726648421972967,0.07126560600679359,0.07345863699637344,0.29591205389671194
TCGA-CN-A642-01A,0.02546106860318689,0.11049713892427813,0.09104960913301317,0.1059564287342436,0.06680224876144092,0.0872405989426939,0.07442219878200812,0.06629166462601137,0.07059068091111621,0.30168836258200765
TCGA-BB-A6UO-01A,0.02578689365317577,0.09767500414441056,0.10776875042662527,0.10187276878448302,0.07568469944179101,0.0780458493607093,0.06045196730905872,0.07591431917350044,0.07357894732742383,0.3032208003788222
TCGA-DQ-7591-01A,0.04142381828022846,0.09015729740550611,0.12655328986382006,0.07088137644679428,0.10166684824317487,0.10816453274910698,0.07088704668437058,0.07192943785075043,0.19744191088096957,0.12089444159527885
TCGA-CR-7398-01A,0.02519946644327032,0.08668073461472302,0.11429215995375512,0.09161985099445763,0.07545339166702592,0.0884200202311055,0.05859739990992057,0.06403179621110622,0.0462242729189952,0.34948090705564044
TCGA-HD-8634-01A,0.03947824504954628,0.0961309764589543,0.09864552655864467,0.07876636382715761,0.07973083272296222,0.07972193307354687,0.06645715274152117,0.07860785783269558,0.07891763637416634,0.303543475360805
TCGA-CR-7372-01A,0.026146859755341163,0.0957118565247184,0.1179069469906834,0.10304448310381281,0.08246714694275065,0.08779892227119906,0.053583732919861446,0.06242696587420463,0.0499051726637922,0.3210079129536363
TCGA-HD-8224-01A,0.022799821765422484,0.11316123599949555,0.12249419814665923,0.08649817045279021,0.08804055355036922,0.07797530779511072,0.05042334181567979,0.14988815877509468,0.08222277868330882,0.20649643301606918
TCGA-BA-4074-01A,0.03082850651294439,0.09244257241235694,0.09959346616146435,0.11883867652114599,0.06956329665273019,0.07595843968630371,0.055013671077055744,0.037205704545795214,0.21281352820188587,0.20774213822831758
TCGA-CV-6961-11A,0.03102443959190034,0.10906326648144184,0.12999393566765913,0.07500671037114648,0.0720840962365461,0.08048040241480818,0.05793020263398433,0.07495642609271995,0.08126205784824805,0.2881984626615456
TCGA-BB-A5HZ-01A,0.03193033481945204,0.1011151678619331,0.0833139633325542,0.08336469665599065,0.08528212823340249,0.0815293685096763,0.06773361130370975,0.08293675216096125,0.07400247805959619,0.3087914990627241
TCGA-CQ-5332-01A,0.010659353879692137,0.08298114831420308,0.11737423622569308,0.09767377764945004,0.06401439263999664,0.08237683390038578,0.05266925866778506,0.04200744109017557,0.1536618404348872,0.2965817171977314
TCGA-CR-7380-01A,0.027795037948870165,0.09756942475166601,0.13510082799383913,0.08054294050868457,0.07658377225782062,0.08965286833824974,0.04726324871546242,0.07423189015638383,0.05984733599594255,0.31141265333308094
TCGA-CV-6936-01A,0.0368991615855997,0.10998319378750919,0.11630670430390133,0.0816883527153597,0.07334437067992637,0.10372532205899437,0.05645247701853492,0.06268614317550221,0.04064431499693954,0.31826995967773275
TCGA-MZ-A6I9-01A,0.05005025276805163,0.09246633425887031,0.11223712998392538,0.09582861172633636,0.07954747142450748,0.070629326778557,0.05858686060689207,0.052841118836063794,0.1608031196387023,0.2270097739780937
TCGA-QK-AA3J-01A,0.03582698310567861,0.09509117901628247,0.12985575968130378,0.059829132876042315,0.08424181477876017,0.07105454103723978,0.06144937169669011,0.05758616584170302,0.22796904677750682,0.17709600518879307
TCGA-BA-4077-01B,0.029647957832484664,0.10769521488627384,0.12788262715920273,0.07180481587337575,0.09294899084795162,0.08825749862829185,0.046390526885227615,0.06704411949039168,0.06928377117407222,0.29904447722272803
TCGA-CQ-A4C7-01A,0.02727256312848787,0.09811485390589528,0.12106598958423428,0.08546939233986753,0.07357209043998876,0.07894513883821098,0.06817489922732024,0.0687941076220863,0.048501335189847214,0.33008962972406153
TCGA-CV-7422-01A,0.022099786423435137,0.07885591439676606,0.12806701421976904,0.06164525939792993,0.07768903772110894,0.08178191339812654,0.0646838654173276,0.04053355648256572,0.062166336913609684,0.3824773156293613
TCGA-CQ-A4CB-01A,0.01759638045418344,0.08580443099544321,0.14184088419172353,0.09402408192116106,0.08144732875588007,0.07546157178091548,0.07094455763795851,0.06274895992576224,0.06753600356729457,0.3025958007696777
TCGA-F7-7848-01A,0.029793149266541422,0.07503462307956638,0.11319859438997551,0.11178499879188947,0.07640969041229702,0.08333947022483418,0.06976984399170122,0.04759652845303935,0.09262007064968085,0.30045303074047447
TCGA-CR-7392-01A,0.0305202478120085,0.1095849959443274,0.12381749889363186,0.10363744568462573,0.09140158539924659,0.06899184124964536,0.05692726743395004,0.050988796499211377,0.04903735435687883,0.3150929667264743
TCGA-CV-7178-11A,0.04868643183877791,0.08147510482882826,0.1329967968546159,0.13088114415961752,0.06411890581457068,0.08073896129771597,0.0643593121033061,0.049786233009808806,0.11632943028800516,0.2306276798047536
TCGA-QK-A6VB-01A,0.03287117587332844,0.09956378904979561,0.12596323856580094,0.0857136015726089,0.07743151713069843,0.07618882483712165,0.05590296565104387,0.06880056839948086,0.06614578265642394,0.31141853626369753
TCGA-CX-7082-01A,0.027454560098289636,0.08821842234066142,0.1153298744558646,0.07985160147086103,0.06998286602409963,0.08661303802919569,0.053601409612339376,0.055989084102272726,0.06546154197430434,0.3574976018921115
TCGA-CV-7414-01A,0.01478943363730064,0.08629023899000235,0.12287070254060693,0.08663503448692306,0.0759377079450059,0.09514738458800004,0.06644153948770125,0.05491068161583405,0.0374515145008293,0.3595257622077964
TCGA-CN-A63W-01A,0.03235974535785006,0.09261536665463085,0.10660878416416597,0.09670920856067867,0.06733092435805081,0.08024809156698459,0.05798227119404687,0.05700971210272694,0.05391897125821357,0.3552169247826517
TCGA-BA-5557-01A,0.011873693669943104,0.06742615749076304,0.11634978166672673,0.08135534110681746,0.07812053956880653,0.08679464946896989,0.06319012061434917,0.054677353830909915,0.06560657811264181,0.3746057844700724
TCGA-CV-7435-01A,0.022465003124559187,0.09230737207886133,0.12627738578960102,0.06423301984604214,0.07784089436348468,0.05974387507346023,0.0505020656795433,0.05274966127625414,0.0703101693292173,0.3835705534389768
TCGA-UF-A7JT-01A,0.023653447378156223,0.07007897717659471,0.09849862244475306,0.06769918485334177,0.09523788025878897,0.07600891396751477,0.0745071524944564,0.06102911475491276,0.07067910498828725,0.362607601683194
TCGA-QK-A6IF-01A,0.04541350812983267,0.08250781747070908,0.1473350016602216,0.08266857295863667,0.1042417846823297,0.07052126092880552,0.0880600697100918,0.07529054303501523,0.11105379318011502,0.19290764824424272
TCGA-QK-A6IJ-01A,0.030263798635253192,0.09205327406518368,0.08229179632311888,0.08857676907334831,0.08756172892145991,0.07942565787455406,0.06217574121007893,0.0815084335237888,0.09425850401030023,0.301884296362914
TCGA-CV-7248-01A,0.05060070089782468,0.06091408150787124,0.10313261477899215,0.059167652376217135,0.05937918885811973,0.08784958822549958,0.05190578355995914,0.03234060798943791,0.0937650174604182,0.4009447643456603
TCGA-CV-7101-11A,0.037162019313945444,0.10265601465224683,0.1256207442057899,0.06167628801711217,0.07034237404656994,0.08554636889593745,0.07375881845241763,0.06959957688786045,0.0661345672292714,0.30750322829884874
TCGA-H7-A6C4-11A,0.02724874908147416,0.11787834243812781,0.13428953646494096,0.0873824701229323,0.08470176272956856,0.08239189160751383,0.05475069247866047,0.16990563287107077,0.09094904639057158,0.15050187581513957
TCGA-CV-6942-01A,0.03277964348381765,0.09057660555955936,0.12890227461342568,0.07159408059035874,0.07852943241877078,0.08914357152035246,0.07536166800198987,0.07086076638437618,0.07425104996370796,0.28800090746364143
TCGA-RS-A6TP-01A,0.03618545596771935,0.10598805705556545,0.11292244510681278,0.06837949336921641,0.09086349843167499,0.09130811428914844,0.05435570796695593,0.06628466453901506,0.07618977168557031,0.29752279158832123
TCGA-CV-7091-11A,0.047044590620092544,0.08307997836454492,0.11213999961879408,0.11062231753044387,0.10039198545645003,0.06915836895715077,0.06933759274543526,0.2041813600459909,0.1338187863386936,0.07022502032240391
TCGA-D6-A6EM-01A,0.04290753146444101,0.07704626572089185,0.08792796779335159,0.10270217768373183,0.08246363377124336,0.09705057071281566,0.07196665567855069,0.08927839690492013,0.07154555704378614,0.2771112432262679
TCGA-CV-7101-01A,0.03716648228210935,0.062446464898813225,0.11012500786335408,0.07877641165050489,0.0683101317329839,0.08696390902042812,0.05027380487481839,0.05131687740286893,0.10947122008551873,0.3451496901886004
TCGA-CR-7371-01A,0.03959979790928597,0.08939188918888204,0.12910385387076198,0.060808842789424944,0.07919856448066905,0.08650791883914717,0.05521428562637492,0.05054303550792483,0.033307494866199945,0.3763243169213292
TCGA-CQ-5329-01A,0.027184279499229067,0.10493570422471579,0.11168957025420033,0.07560873654157274,0.07401801401632271,0.09606337116045008,0.0644213432968466,0.07214203280611618,0.07260466469011623,0.30133228351043034
TCGA-H7-8502-01A,0.02673974256141146,0.10231870230591598,0.11705446873710651,0.08605877660568671,0.07748233199717557,0.07572918729641012,0.05932904363341702,0.07960386213525678,0.08077078811956472,0.29491309660805504
TCGA-CN-6989-01A,0.011073965972986108,0.049029179494518516,0.18117916743722923,0.09178124567327832,0.09382432766866858,0.07771907233881979,0.058345146360422255,0.026290482915188988,0.09025053348276492,0.3205068786561234
TCGA-CN-5360-01A,0.025720190820393462,0.10576772422929993,0.12295155774178959,0.0763538321838767,0.09679691886978325,0.09385765319555871,0.0536000863812319,0.048591955786847024,0.07607633885424699,0.3002837419369723
TCGA-CV-7097-11A,0.0378974189254296,0.1089309256639093,0.11807810501826814,0.08152482661991871,0.08717668380913149,0.06969751194906035,0.06703444256608954,0.20862016420072912,0.11178507937313321,0.10925484187433049
TCGA-CV-7429-01A,0.023955227234433007,0.09863002436902603,0.10030994191266276,0.08204153581108592,0.10267650790176609,0.08082177914635269,0.06955619520719687,0.040268913807070275,0.13437669096893165,0.26736318364147477
TCGA-H7-A6C4-01A,0.01869714262277367,0.09122362723842506,0.11872432655708681,0.06659981914675767,0.08018467650153147,0.07907390221526726,0.06273255667336373,0.08235147510667588,0.07398950272210637,0.3264229712160121
TCGA-BA-5153-01A,0.03444736275303996,0.10466894146059555,0.13731218585632562,0.09738370393490707,0.08767678442709166,0.09930974809866382,0.0815561903699126,0.0657035121103937,0.0375240290091099,0.2544175419799602
TCGA-BB-8596-01A,0.022958928473819192,0.08570652231724217,0.11020135606248255,0.12554828988717753,0.08058166919477754,0.0854892193138381,0.05258263808181634,0.04366980594489296,0.1397816394905943,0.25347993123335927
TCGA-CR-7369-01A,0.018771787092341948,0.08877995618447404,0.12208883047995674,0.07278852497293575,0.07301687531868323,0.0893403597163582,0.06111222197245336,0.053484194252712905,0.06040612600405035,0.36021112400603345
TCGA-CQ-7071-01A,0.029291934277128513,0.11516281546207535,0.12327306811807708,0.07982232045905442,0.07677599589786566,0.08588566243989375,0.045949506509962844,0.07414200938339295,0.05952314382091308,0.3101735436316363
TCGA-BA-A6DB-01A,0.033447865086560245,0.10552393426828612,0.1403645896561991,0.08614544587305195,0.07963081128775977,0.0972845395256835,0.0525640217285398,0.08532389720106062,0.07744879561920574,0.2422660997536532
TCGA-CV-A6K1-01A,0.03326837953006285,0.0957477396692484,0.09620951664161723,0.09633908250948348,0.08325215591645499,0.0753035474137068,0.06022054877167347,0.07642758987283982,0.07646393931427001,0.30676750036064293
TCGA-MT-A51X-01A,0.029994725502601634,0.09697455587860644,0.10947509362257499,0.09245402834861147,0.08146447373290226,0.08260287158534256,0.036913245329968536,0.06810987233261667,0.07002516364647353,0.3319859700203018
TCGA-4P-AA8J-01A,0.027475050762480534,0.08310783776396283,0.08965321222171349,0.07407129693043997,0.09664870739479738,0.09528195102022008,0.053267346802400334,0.060774538417380994,0.08285206607216895,0.3368679926144356
TCGA-CV-5439-01A,0.03218984692989745,0.12499607801748798,0.12748430017960577,0.07755312250450096,0.07369458943427827,0.10064670181704674,0.045583885733072003,0.07502463811482257,0.0525319131065806,0.29029492416270763
TCGA-BA-A4IF-01A,0.03504528647878336,0.0986049619575492,0.13043810485238921,0.07727159325402322,0.08207130835373858,0.08118753945861475,0.05074136924125124,0.07624795412109783,0.06301458051225413,0.30537730177029854
TCGA-D6-A4Z9-01A,0.02970589978876518,0.10445426968782742,0.13356773439150102,0.07246885347475902,0.07818412641984872,0.08351316757684639,0.04306686177744652,0.06931003720892198,0.050740464006039945,0.33498858566804374
TCGA-CV-7437-01A,0.03741886058280818,0.09336657727024353,0.11800258226965377,0.08496237942390927,0.08594377444337262,0.054950883438549224,0.04893827198310378,0.07382763120262147,0.06648872837168633,0.33610031101405186
TCGA-CR-6484-01A,0.03626654522277143,0.107238250919172,0.11997496572514106,0.11188727457012901,0.11653227357386108,0.0881874509646142,0.058234770641840475,0.06522777202769202,0.029910706833606915,0.2665399895211718
TCGA-CV-7245-01A,0.019548030836245765,0.10915197011003588,0.11430828705185597,0.09949243895404769,0.07715466750330208,0.08207317648340827,0.03583675675966129,0.06243766267502477,0.07184160021565177,0.3281554094107665
TCGA-CQ-5327-01A,0.03547640005478088,0.08625888422826691,0.12969318854584136,0.10248635160385951,0.08380387139046488,0.08382917631560748,0.04874299300330312,0.04941225501453024,0.03961849453206729,0.3406783853112783
TCGA-DQ-7588-01A,0.043295753882903514,0.09958274868260744,0.10929251340199318,0.09012028176651338,0.05579391699482542,0.08368223047544479,0.057493273682237056,0.07179575976049851,0.06559468342718965,0.3233488379257869
TCGA-CR-7373-01A,0.0227938564050782,0.07262585365008585,0.12451509978696382,0.07849265719542557,0.08214237488835636,0.09212394016887111,0.07550094937531006,0.06948177590120863,0.04914170073964154,0.33318179188905866
TCGA-CX-7085-01A,0.021664034210056395,0.09372960844705054,0.12955387584160008,0.06663181839862115,0.09864741494428708,0.08050785391211034,0.05983732030764132,0.034974212441014084,0.07765376367996736,0.3368000978176518
TCGA-F7-A50J-01A,0.03023958079471628,0.09855057477294815,0.12280817939167013,0.07379605546651795,0.0806490731206066,0.08373348749834349,0.05992968608084548,0.07783720301954855,0.06637647804498802,0.30607968180981526
TCGA-CQ-6228-01A,0.026747209828260288,0.09090513778873012,0.11644870675899911,0.08451317654876954,0.07416817331873768,0.08140857167045723,0.057557601413630956,0.06175759929460275,0.05575510204595715,0.35073872133185524
TCGA-CQ-6222-01A,0.031351222433405296,0.0909912822455027,0.13011992679965462,0.10739561851069972,0.09979160854988499,0.08714072879271804,0.06889983608309716,0.14041067222977213,0.027958350538597188,0.21594075381666805
TCGA-IQ-7630-01A,0.01828907775858259,0.0887415731687048,0.1224627175951585,0.088811837853588,0.07930403152297451,0.08142203037277555,0.07533761910805013,0.06278431138262004,0.027211547976712505,0.3556352532608334
TCGA-CV-7103-11A,0.023347872547491814,0.10877229484511841,0.14246436429807313,0.08763198344378602,0.06941613538318661,0.06953478007312676,0.06408286562246074,0.08152821372291201,0.06506943734407353,0.288152052719771
TCGA-D6-A6EP-01A,0.07566237678198054,0.11819430668358646,0.06631178849214697,0.12637415956654313,0.1340150003007053,0.07904210153629074,0.08533978366383844,0.10987020099108663,0.09002796426583394,0.11516231771798806
TCGA-CV-7250-11A,0.0244299754487202,0.10153455753902449,0.12683579920089252,0.07075907180351375,0.08603862805871125,0.0825943455331792,0.07118749432521823,0.136145300552479,0.17684942715530827,0.12362540038295318
TCGA-D6-6825-01A,0.02345945445421461,0.1105721640696441,0.11834386931030837,0.07746085933685738,0.087109065392297,0.09376785877951505,0.052603712902161884,0.05445312255529745,0.04753953591119632,0.33469035728850793
TCGA-CV-5432-01A,0.0362201708726181,0.09215300697928794,0.10825515020915834,0.0922428090192221,0.07730777278163105,0.07186450058623245,0.07079853804901881,0.08426826884637438,0.08009068129128584,0.28679910136517117
TCGA-CN-6013-01A,0.023912977132646947,0.09690424927877506,0.14448666957314094,0.10125919333181609,0.11069393837121426,0.10234341298624408,0.06917888369902753,0.0570898639656093,0.05832241128776611,0.23580840037375966
TCGA-CV-6939-01A,0.01849632595259733,0.0955564859418455,0.12711034957702802,0.08878172818962485,0.1030433531147737,0.10097096534563925,0.06446603540668322,0.04876188990914738,0.12317846098483878,0.22963440557782205
TCGA-CR-6477-01A,0.01664967661134759,0.08291722925007691,0.12241243902505611,0.07987642891005219,0.08335702207416178,0.09882608628645088,0.05449933823609359,0.05469844167948196,0.03571830869697856,0.37104502923030036
TCGA-WA-A7H4-01A,0.0430380202038607,0.07601289962116116,0.12247468700777611,0.0820378323566352,0.07959729614613768,0.0708872830394931,0.06066272122338122,0.06219357617579494,0.10399007666172115,0.2991056075640387
TCGA-CN-5358-01A,0.021661288546833895,0.10010912660471205,0.10415745956174446,0.11861927084406226,0.10890613839847892,0.0803909774469372,0.05992219846170362,0.04524868802242715,0.06161142455274582,0.2993734275603546
TCGA-CR-7397-01A,0.016197550058338096,0.0894604477717472,0.12741528407792013,0.10642640832350685,0.07251910406826498,0.08191832909607327,0.06664603247293432,0.06000275334658441,0.07446504633187737,0.30494904445275345
TCGA-F7-A61W-01A,0.034646356832517586,0.08979423965023152,0.11055529289850702,0.08898026668983722,0.07438330813268496,0.07947874561825437,0.05218857856234372,0.07918342552493739,0.07550106166812522,0.315288724422561
TCGA-BA-5558-01A,0.023441426269179517,0.08461144692223291,0.12398397626557185,0.08223769391182967,0.07308565099915271,0.08216711667135784,0.07410841609688405,0.058809651216227755,0.03567948262592699,0.3618751390216367
TCGA-CV-5976-01A,0.0266275746308691,0.09325672890420894,0.13930376656339943,0.06892896006921059,0.08008170574206219,0.07691044835916788,0.04800714338395548,0.0449792301930109,0.03720963782702675,0.3846948043270888
TCGA-CV-6954-01A,0.0369355145998213,0.076998212436414,0.13474621136279982,0.08576577201115679,0.0859431305208642,0.10644876393977314,0.05201918455788698,0.06417574997649253,0.03129053013765549,0.3256769304571357
TCGA-CR-7395-01A,0.02827181140066533,0.08979012050744492,0.10457442618010424,0.0918281537349568,0.07753735956889311,0.09848777270959025,0.061661330971648186,0.07705323111966798,0.0756307175244861,0.295165076282543
TCGA-CV-7411-01A,0.0344085552783807,0.09773437740562829,0.1077554345603499,0.07422722409296478,0.08313028949065479,0.07676988134011546,0.05818547908120438,0.07162138028375761,0.05533006591357276,0.34083731255337135
TCGA-D6-A6EQ-01A,0.030871511068213148,0.10277080683549486,0.10461127497122566,0.09725088468587371,0.0764609603018172,0.07331487920255171,0.06407646410364415,0.06985209472012227,0.05943512122156294,0.32135600288949434
TCGA-CV-7095-01A,0.03566116994160064,0.09726472388072138,0.11569760677223852,0.08836867737082707,0.07754106047711487,0.0743941176148287,0.0619278489597486,0.0722060471850003,0.058561928366310086,0.31837681943160984
TCGA-CV-A463-01A,0.03496583651902308,0.09571142835548008,0.1215645189559257,0.06312447878242997,0.06787219135987675,0.08095285495713044,0.053762126432078394,0.07255342562163984,0.10097802397871262,0.30851511503770324
TCGA-CN-4722-01A,0.050131056091633555,0.10713092766431773,0.13020770893296135,0.08621780243657243,0.099151619071008,0.007130592882835979,0.06238444616565046,0.0589779742857931,0.04098426920695519,0.3576836032622722
TCGA-QK-A8Z7-01A,0.04242994498258685,0.10177187914714096,0.09791030178704359,0.08873423647552674,0.08579758448156519,0.07584931688502485,0.05574144365982274,0.07854540479625337,0.059913055796623226,0.3133068319884124
TCGA-CV-6961-01A,0.010807996706025728,0.09238858635937253,0.12228274366932058,0.06793546721325704,0.06844185770425913,0.09925607764838192,0.05081105796788374,0.07748987139035912,0.0354965710736279,0.3750897702675123
TCGA-CN-5365-01A,0.025824952080971467,0.08981884249141367,0.10746173565311841,0.07917515181324587,0.08400566754110518,0.08969142602581075,0.05316743234908215,0.0709069966958904,0.052814156438517244,0.34713363891084476
TCGA-CR-5248-01A,0.038845173841858927,0.06356906228988796,0.10376786609307138,0.07658337466060072,0.11094398049583294,0.10066091167679639,0.07578677116350399,0.06595663870720049,0.1862423308973016,0.17764389017394544
TCGA-CV-6962-01A,0.03332518150019207,0.08587328136350111,0.10754208264451613,0.07876721436799716,0.06370833843288172,0.06321637836791982,0.06780918713179751,0.05565061936739662,0.09833508106886572,0.3457726357549321
TCGA-D6-6517-01A,0.03298613777128022,0.060589725074249104,0.11482188073643013,0.06722721910870649,0.06212909778349988,0.0799029509676928,0.06407981003449215,0.03289361313548589,0.08728905127050428,0.3980805141176591
TCGA-CR-6491-01A,0.03150303661010382,0.09187776370566457,0.11114467491669115,0.09199402961436826,0.06824891091173307,0.07627860844049322,0.06244602257643721,0.06994615940579364,0.05508912451098001,0.3414716693077349
TCGA-CV-7242-01A,0.06044182299808306,0.07391660942444248,0.12773550562091018,0.10894105732584883,0.07579625454932457,0.07201433691168578,0.05357458026907559,0.050885471590220624,0.022951360471670394,0.35374300083873866
TCGA-CV-A45R-01A,0.023432260322662813,0.08735818259865352,0.11042350685114176,0.08654981324721601,0.07976940335046802,0.08419701324227535,0.06570740040430373,0.06125238865485512,0.04672296084853797,0.3545870704798857
TCGA-KU-A66T-01A,0.03860138320574952,0.0890096040156977,0.11506149964997563,0.06638556713876745,0.07473543409318872,0.0886244926385778,0.05268391702048115,0.06966712857950355,0.06854082409747088,0.33669014956058774
TCGA-BB-4223-01A,0.035053377037433074,0.07123379138887999,0.12298728333280458,0.1017637011406858,0.08452213882484108,0.09088814354222488,0.06362884236684273,0.062045562254234875,0.1974912827232684,0.17038587738878452
TCGA-CV-A468-01A,0.025148227987367777,0.09476652906996902,0.13203058611219098,0.12262066932504709,0.08556581180776805,0.0928383367369159,0.057175350431210935,0.051642322860406646,0.07534030440162075,0.26287186126750306
TCGA-D6-6516-01A,0.025083725396152765,0.0901859452490866,0.12802589906326453,0.06472997622191974,0.0780943936570962,0.08678917374774194,0.04691036427234133,0.0723793689969986,0.07131728255464317,0.3364838708407552
TCGA-CQ-6219-01A,0.02308335973727908,0.093273445176505,0.14031504006743015,0.09248559713572393,0.09375438773693343,0.10089966463782356,0.06010640005996673,0.0532399633272332,0.027947394358609212,0.31489474776249565
TCGA-CR-6467-01A,0.048409631556122684,0.04220752839971846,0.09265351213877536,0.1280874016911269,0.11329412675233023,0.08257203601551794,0.05023886149918963,0.037891278948929845,0.2230085769200377,0.18163704607825115
TCGA-CN-A497-01A,0.02814252586264058,0.10359795576515347,0.12249263194831674,0.0971362738667197,0.0731615155378953,0.08584955064243134,0.0712714107630483,0.07077750034240872,0.0726103906412347,0.27496024463015123
TCGA-HD-A6I0-11A,0.0216115384731068,0.11674523767318983,0.09436437459463667,0.0822186807110683,0.10969165898073599,0.07701026883197457,0.070174969771946,0.09792601622543133,0.07386149582791882,0.2563957589099918
TCGA-P3-A5QE-01A,0.028514322508619492,0.07613038926047269,0.12476807262927199,0.07932098126312143,0.10182357300909381,0.11826184609904207,0.06629766961024876,0.07335681558161851,0.13328773076080808,0.19823859927770318
TCGA-CV-7102-01A,0.029117092021133766,0.07612756185546801,0.11182657414441968,0.12616538301978333,0.06329264330106411,0.07763669148103493,0.07190302878559068,0.05719103640122559,0.0314453700636594,0.35529461892662056
TCGA-CV-5443-01A,0.06342407225670789,0.11389161105789193,0.11890159511490685,0.07627316639761401,0.08710046594547888,0.08370703882075538,0.08241281402494915,0.07148884846938022,0.059896537398413316,0.24290385051390245
TCGA-CR-7377-01A,0.026303981875785663,0.09890849016068623,0.11215001883395716,0.06797322483123801,0.11357331985537038,0.09634395534581358,0.06263781390260953,0.051153796137333556,0.011297112444626887,0.35965828661257904
TCGA-CN-6016-01A,0.015248863377162454,0.08215137338607582,0.12160882408546086,0.11900670706796304,0.07773734414596502,0.09728026463425903,0.06524141986893145,0.08602471460530565,0.06992866933042372,0.2657718194984529
TCGA-BA-A6DG-01A,0.02060465890628618,0.08429446787816633,0.12541600807492706,0.0831270275892423,0.07920329146325521,0.08664679163918447,0.05853984980030715,0.04737845534973933,0.05024956943196433,0.36453987986692754
TCGA-CQ-A4CD-01A,0.025377467764932885,0.10367054723193485,0.12523194014186823,0.07179752673423488,0.07808641797309819,0.07988027184708404,0.06941056323642585,0.06724060052326951,0.06855205642063164,0.31075260812651995
TCGA-F7-A50G-01A,0.041514359481173935,0.12233746362029957,0.11901240700925346,0.07937028302670192,0.08150482623340641,0.0615233554362894,0.046036883084916574,0.0673087458313435,0.05791780832862595,0.3234738679479895
TCGA-T2-A6X2-01A,0.032546230232275326,0.09491364762804458,0.12767858756245354,0.08341055144077067,0.06460156495548162,0.06770307014164667,0.07466022976484933,0.08274055888550727,0.0799358443605693,0.2918097150284018
TCGA-BA-5559-01A,0.026227252471344522,0.0966973359106401,0.12646584025196364,0.08663558458380453,0.14255788946564749,0.09629529782468098,0.05449720582542941,0.1605763521825168,0.10045770740150244,0.10958953408246992
TCGA-CN-6021-01A,0.04364719957230434,0.09012778917628765,0.12083504655411229,0.08449229963422439,0.08420853321992958,0.08207753456193144,0.047474168498973714,0.0726298745006602,0.05954157374158844,0.31496598053998803
TCGA-CN-6020-01A,0.02664871468791791,0.11660357014269211,0.12676340377771836,0.07105159358101672,0.07722816226052907,0.0831388017198844,0.0413147407599729,0.06605513595597953,0.03607201620486315,0.3551238609094258
TCGA-BA-A6DJ-01A,0.037824966080115985,0.0840469704838752,0.1183580922202408,0.10108741221576507,0.07461331334529953,0.07767179238538723,0.0664171555877482,0.05336044588624079,0.061961899670255914,0.32465795212507126
TCGA-BA-A6D8-01A,0.03467028459250497,0.10061849338781366,0.09054943617374613,0.1014748428307243,0.08548614657406527,0.07031414686100587,0.06099791456944136,0.08175952371704741,0.07889197365729363,0.2952372376363575
TCGA-CR-7376-01A,0.02205801264607295,0.07175132877236821,0.11607548412284419,0.17330177060144875,0.1324524064769171,0.08833834180069676,0.058322588320884834,0.04319297808423822,0.0757878961130243,0.2187191930615048
TCGA-HD-A633-01A,0.024700984917834738,0.08648176157691959,0.11026646807114812,0.08625778938146325,0.06754798119511132,0.0782199604093863,0.0577679218286624,0.061749062283092813,0.0719147163784131,0.3550933539579682
TCGA-BA-6871-01A,0.017988186686119303,0.07347188629125281,0.09665699816751998,0.09603795380687308,0.07678940037040793,0.10368919863946657,0.05437484116254469,0.06320853289296947,0.05335816750314918,0.36442483447969704
