"","B-cell","Dendritic","Endothelial","Fibroblast","Macrophage","Mast","myocyte","other","T-cell","tumor"
"TCGA-BB-4224-01A",1.35457441250916e-05,0.000712131309494887,0.00843424605495852,9.00093687908048e-06,0.0297998237122532,0.000342453559835469,0.00801057293861042,1.52213491341929e-06,0.00174780989342711,0.950928893715503
"TCGA-H7-7774-01A",0.000621095961501411,2.80698479793888e-05,0.0105077026920286,4.08336225695948e-06,0.0484947467630684,0.00134966100195095,7.21368121591538e-05,4.95199514549904e-06,3.77467207736887e-06,0.938913776891832
"TCGA-CV-6943-01A",0.0119883954265165,0.000366856478673843,0.0643779775428157,0.0302285504014226,0.199082320874748,0.00281675046705961,0.00212141423970697,1.5082735241264e-06,9.48373205906794e-06,0.689006742563473
"TCGA-CN-5374-01A",0.0114382281574321,0.00572637728382018,0.028196360703096,0.000911564687187939,0.0910804739336137,0.00184560999122377,0.017133642893495,5.613899053294e-06,0.000694498104385938,0.842967630346692
"TCGA-CQ-6227-01A",0.000111684191393698,1.42635151781809e-05,0.0635946570009006,0.0568828002727253,0.0309850849483975,0.0010822751231441,0.201268107257741,1.79451953430125e-06,1.52408892137371e-05,0.646044092281771
"TCGA-CV-6959-01A",0.00228146319519486,4.80282563986068e-06,0.0400345865416712,1.4131247091627e-05,0.0683968679589057,0.000562763125551101,0.192683966209685,1.50703698650655e-06,1.13728638283644e-05,0.696008538995446
"TCGA-F7-A61V-01A",0.00140956707664796,2.50762688150421e-05,0.0160149219635744,6.27950935939544e-06,0.0171776797127749,7.69331646976597e-05,0.0637002198324771,0.0114292610304371,0.00123409914483759,0.888925962296379
"TCGA-CV-7413-01A",0.000485521023776593,0.00107379816451184,0.018374567601979,0.000131154548854449,0.0700140601462027,0.000429760199073916,6.07872327282473e-05,1.33672558022705e-06,3.49473717540608e-06,0.909425519620118
"TCGA-CV-7247-01A",1.47329082686407e-06,0.000385897223385459,0.060581535465556,0.0289368801155626,0.00380327402860757,1.33223174731926e-05,0.254024177774433,3.78024530996714e-06,2.0197999392265e-05,0.652229461539454
"TCGA-CR-5249-01A",0.0152056484409388,0.00748872723326195,0.0350746185899733,0.000139601715016008,0.145852921067871,0.00375242706068154,8.30240734538247e-05,2.75158181757912e-06,0.00640606096105722,0.785994219275929
"TCGA-CQ-5331-01A",0.00154141104520231,1.51282724599013e-06,0.031096575640416,2.5081811489888e-06,0.149674725413213,0.000142691911573331,5.06773547825815e-05,9.44091852858952e-07,9.97947616203287e-07,0.817487955586949
"TCGA-BB-8601-01A",0.00514038281383432,2.36056077446371e-05,0.0165774953795918,3.50257866698498e-05,0.00246713928793267,0.00262992476594913,2.72413293585901e-05,8.47412885284378e-06,0.00252976205523123,0.970560948844835
"TCGA-CV-A45W-01A",0.105619186967483,3.13840810311945e-05,0.0871126481363106,0.0372008600379496,0.104318673878665,0.00183732331523633,0.000169160174820685,0.022948892609143,0.00432027149192876,0.636441599307432
"TCGA-CQ-7063-01A",7.47004701818127e-06,5.33124133488405e-06,0.0147300942594788,8.98886961734759e-06,0.152163336247347,0.00157500294628037,0.000221935012600678,7.42029531144336e-06,2.792503626672e-06,0.831277628577385
"TCGA-CN-5373-01A",0.000441254114940431,0.000568399157430983,0.0238576762305701,7.1061986939696e-06,0.0689444740806035,0.00123847868483842,0.0052163950524139,1.36751799374865e-06,1.02201669702097e-05,0.899714628795545
"TCGA-CV-A45T-01A",0.0100477428114687,0.00327844624415277,0.0398740824473364,0.00294874868056251,0.110047631319347,0.00128672209264311,0.0425125184156873,5.79589152222292e-06,0.00131222854283388,0.788686083554447
"TCGA-HD-A4C1-01A",0.00231012916923793,6.65725332567933e-06,0.0268693773634606,1.79668083672759e-05,0.0275480378965194,1.20851018889317e-06,7.392228392517e-05,1.7492679176498e-06,1.08830662255543e-05,0.943160068380832
"TCGA-CV-7438-11A",0.00389523968956352,0.000251304371246087,0.01266341982671,7.66611910295452e-06,0.083201020761634,0.00116749470176242,0.0102863760686255,9.81525610036828e-05,3.82023916177091e-06,0.88842550566119
"TCGA-CV-5444-01A",0.000758185598194441,8.25957292531153e-06,0.0680628860194506,0.113734576362966,0.155739985099139,0.000512116635867429,0.124867026544935,2.67621546019203e-06,1.27778564281132e-05,0.536301510094634
"TCGA-BA-5556-01A",0.00305035591434408,3.67837912536672e-05,0.0345289366636787,7.79540537939407e-06,0.157919608494184,0.000811925030775858,2.07875995471927e-05,0.000436604150500321,3.27517729299172e-06,0.803183927773044
"TCGA-P3-A6SX-01A",0.000132847927397291,0.000495355732173858,0.021347573765732,0.0110250604477794,0.00114870965132137,0.00056051344017988,0.0484260877420206,1.9982097161369e-06,0.00184637940137104,0.915015473682308
"TCGA-CV-7242-11A",0.00035167002009371,5.41033833483104e-05,0.019596027136837,7.90683328238915e-06,0.0664813947285154,0.000628306373141501,0.00122150274424214,2.86391492479105e-06,4.89312614066678e-06,0.911651331739474
"TCGA-DQ-7592-01A",0.000225404579153769,0.0114531749992633,0.0173660457046041,0.0184043048581092,0.0267093767189417,0.000674603327723753,0.0509302393770863,7.75618850071708e-06,5.80899773108342e-06,0.874223285248886
"TCGA-CV-6937-01A",0.000142650965407518,0.00060833458675001,0.0183270341910713,0.0469998737301428,0.0773580453535664,0.000478860172081982,0.000185703266501847,4.51577243438591e-06,1.50807098701645e-05,0.855879901252174
"TCGA-QK-A8ZB-01A",0.0245020396444381,0.000341655748278781,0.0308807340144364,0.000181639765746899,0.0296443138635318,0.00146645687625341,9.34286864245369e-05,0.00161716002880215,0.00107671964930159,0.910195851722786
"TCGA-CV-7432-01A",3.06576516543505e-06,0.000198114045113275,0.0130387398866193,9.54275209267357e-06,0.0025917658441439,0.000544082394655767,0.000199527499522211,2.56537375135325e-06,0.000440710514013887,0.982971885924922
"TCGA-CV-7089-01A",0.000223347450575233,1.91301783971755e-05,0.034708917272553,3.35347225839933e-05,0.0369290992703473,0.00239927393518726,4.35957262912333e-05,1.77377240704386e-06,7.55392106867052e-06,0.925633773750589
"TCGA-CV-6939-11A",2.40702517598974e-06,4.82401001146323e-07,0.0343884142911785,0.00467951176968303,7.62200334344331e-07,4.26799787491565e-07,0.72402363464136,0.236890639001868,4.80633186382171e-07,1.32412364252157e-05
"TCGA-BA-4075-01A",6.69732818111412e-05,0.000254392674325905,0.0234012747485192,0.00642660814285563,0.0519417029915418,0.000284297642270174,0.0150387832341784,1.34391980836296e-05,0.0133851081264169,0.889187419959997
"TCGA-T3-A92M-01A",0.0134557911362846,1.89046959237675e-05,0.0297321008876616,0.0656198092455979,0.0806198001694118,0.000742327935563231,2.10853770597265e-06,2.94587498254961e-06,7.93432908899214e-05,0.809726868225979
"TCGA-BA-4078-01A",0.000625418658735488,5.79509626592022e-06,0.0582224080966692,0.07188532185625,0.0618085062303827,0.00175999577993501,6.44089082054095e-05,1.4451059173816e-05,0.0112034112355972,0.794410283078785
"TCGA-CV-7100-01A",0.000150544940486356,0.000947592389603557,0.0518315023960562,0.0282378393915443,0.080284946340825,0.000793425224771824,0.000137857489136817,3.15767541197839e-05,0.00593421405258078,0.831650501020875
"TCGA-MZ-A7D7-01A",0.000330314342966305,0.000160652596643457,0.00126961133620102,2.88220162523077e-05,0.0092274397335984,0.000839584564081598,1.1404620870081e-05,1.42767310122755e-05,0.00153267777949854,0.986585216278876
"TCGA-QK-A652-01A",3.96483629747315e-05,0.000437623546805839,0.0259889899738318,5.7340446884812e-06,0.0329645949173591,0.00139529543967354,0.200377334968736,3.06362400685766e-06,0.000284842710940603,0.738502872410983
"TCGA-CV-6433-01A",0.00828481407626631,0.0363065560917004,0.0170863981959385,0.00537658745949348,0.182621607894301,0.000689620761166842,0.000201800259077071,0.000707021410823052,0.0228782994758349,0.725847294375399
"TCGA-CV-7416-01A",2.24379287471286e-06,0.000235559058351523,0.0374674046133668,0.02888630360414,0.0589384378935102,0.000565473145385681,1.25164727622047e-05,2.46777912133604e-06,1.7673218586696e-05,0.873871920421901
"TCGA-CV-A6JY-01A",0.00205200288135351,0.000144890948004952,0.0172953447995927,5.86976688311897e-06,0.014409037094211,0.00216297933519283,0.000202642734050594,2.66850949984089e-06,1.31023599549438e-05,0.963711461571257
"TCGA-CR-7399-01A",0.00103489860384913,0.00625571960897772,0.0227438352540745,0.044523621582447,0.166983793739074,9.40659749165993e-05,2.07950401801604e-06,5.60348804818675e-06,0.0365208054560719,0.721835576788523
"TCGA-CV-7568-01A",0.000221738031079345,1.77320263846246e-05,0.0187340172437799,0.0620556060242704,0.0337017435617053,0.000578386017029921,0.0727174454204656,0.000356417287822473,0.00461077873761213,0.80700613564985
"TCGA-KU-A66S-01A",0.00269069906813219,1.40550356393642e-05,0.0746257373780272,0.0796247988164122,0.0215412790980084,0.0114797585750476,0.00225309770140926,0.000798322452710464,0.0443760614826926,0.762596190391921
"TCGA-QK-A6VC-01A",0.00899755960359501,0.0128647634402216,0.0283236364943959,1.5608867950365e-05,0.0859663172222417,0.00151042698804339,3.0777722251537e-05,2.86364303166836e-06,0.00771350741396937,0.8545745386043
"TCGA-CN-6998-01A",1.70539398713853e-06,2.67124475364551e-05,0.00335878976052424,7.68737774687326e-06,0.00544330103754337,5.9749244666331e-05,0.012439678033873,1.72692290550511e-06,1.6119448459249e-05,0.978644530332758
"TCGA-CV-6941-01A",0.00170768305298447,4.07106740188787e-05,0.0323803537557264,0.0269681193568075,0.0596406011382296,0.00390224469282651,0.00281062615084943,0.000420820482216653,0.00150622242432854,0.870622618272012
"TCGA-CN-4727-01A",1.23361746242545e-05,0.00225105661417514,0.0411434476018086,0.00765705781208096,1.23423862468261e-05,0.00019218634755316,0.00383071505046279,3.53987629440997e-05,0.0015646418595943,0.94330081739051
"TCGA-BB-A5HY-01A",7.74483131839467e-06,0.000323008080231495,0.0274427985005607,0.0371581047711865,0.0113470760179067,5.77330145329809e-05,0.00495572740100748,3.11706495981706e-05,0.0122480418743669,0.906428594859291
"TCGA-CV-7263-01A",0.00482504473593657,0.00139134497814064,0.0516269767523096,0.013290665241327,0.0700496371543858,0.00151518880590366,0.0772193616541201,8.78363361012818e-06,1.29903194476373e-05,0.780060006724819
"TCGA-H7-A76A-01A",0.0268439379499677,0.00788366169278849,0.0353223322902086,0.0359746178057615,0.269157575224668,0.00240056117366471,3.30819075915582e-06,2.8038433039361e-06,0.0113679198617499,0.611043281967128
"TCGA-CN-4723-01A",0.0385052900408777,1.8032242713532e-05,0.0499291953047606,0.0372895525345111,0.0924477361533742,0.00228119212788732,2.56623248937396e-05,0.0103248178998544,0.00199182999422388,0.767186691376904
"TCGA-CN-6997-01A",0.000536380949727444,0.00180090053738005,0.0446078003476719,0.0233542430766092,0.0208574172119212,0.00346875703900319,3.3929765361638e-05,0.00272682540103716,0.00489799766761209,0.897715748003676
"TCGA-CN-5364-01A",1.49844415133029e-06,0.00106758520370219,0.0334270235905747,0.0104053602918598,0.0494537422312517,0.000521048558165579,0.0419038092081758,8.08910763688352e-06,1.01130165442644e-05,0.863201730347938
"TCGA-CN-A63V-01A",0.000614357122269409,2.98749530224163e-05,0.0420670473904536,0.0611110255143883,0.0366339582687322,0.00131339670244606,0.00272538620762744,2.99149108476987e-06,8.95945747044674e-05,0.855412367775271
"TCGA-CQ-5325-01A",0.0211568357732104,8.85128720778622e-06,0.0414224200574726,8.90155165942269e-06,0.183224529792186,0.00219655709701114,0.164532576658301,0.0034844664053388,4.76306331604132e-05,0.583917230744452
"TCGA-CR-7386-01A",0.000361709312669378,7.29684434970274e-06,0.0392491716887024,0.0361821765713458,0.175117763254095,0.00279722538286269,0.00822948604300364,5.69791825533607e-06,7.63089324777281e-06,0.738041842091469
"TCGA-CX-A4AQ-01A",0.0099027476548433,0.00874113574870145,0.0514112493477862,0.0124099192371551,0.227539389936143,7.43719625530508e-06,3.11535076168665e-05,2.11017203369741e-06,0.0133280524145313,0.676626804784934
"TCGA-QK-A64Z-01A",1.98537741004304e-06,0.000448851945728102,0.0122022973308795,7.00325821743952e-05,0.0130622057240481,0.00133824649601159,0.000320444672424826,3.55767256323736e-06,6.51258935410933e-05,0.972487252305219
"TCGA-BB-4225-01A",0.0301685328639917,0.0923673295381114,0.0273637021074505,4.01734404940612e-05,0.101130725046604,0.000428771155571688,0.000457825704720115,4.14032598621271e-06,0.0123862018522644,0.735652597964806
"TCGA-CV-7183-11A",1.95026770215361e-06,1.44407942091097e-05,0.00946022134172387,6.49499770215816e-06,0.0286889365337096,0.000240647791158469,0.000276772898311821,1.41406866030034e-05,4.46539132292838e-06,0.961291929297557
"TCGA-T2-A6WZ-01A",0.019338805054514,1.82509701696854e-05,0.0111064337491054,6.3426607949593e-05,0.0223720041662779,0.000377904475723227,0.00165864638533528,3.88643656358014e-06,6.52854770117084e-05,0.94499535667735
"TCGA-HD-8314-01A",0.00163070595562873,0.000818393976217033,0.0414866947122919,0.00984908206739854,0.109994593711017,0.00103310976140469,0.246182097262176,0.033610626456782,6.32787228758049e-06,0.555388368224797
"TCGA-CR-6473-01A",0.00460440046552388,0.0114737541552806,0.0505459043512589,0.0203424085588788,0.0154315755628568,0.000335420289415255,9.54789221035286e-05,0.00103116940294276,7.82005355153219e-05,0.896061687756224
"TCGA-CN-A642-01A",2.85856099288148e-05,6.11722392263647e-06,0.0327181509863727,0.0265015388781957,0.136288709406205,0.00273423731577819,0.0653261467756087,1.7110506464278e-06,5.38749715629733e-06,0.736389415256186
"TCGA-BB-A6UO-01A",3.8518795390487e-06,0.000336237330994087,0.0340837773766558,3.91608513394993e-05,0.0132783279113776,1.48111679847752e-05,0.00169188912490629,5.12903009597184e-06,0.00155226788358424,0.948994547443523
"TCGA-DQ-7591-01A",0.00859246991559035,0.0232632337712223,0.0220071255411,1.11663077677085e-05,0.0687614120416678,8.47020291119267e-05,0.00284960149146754,4.65474268522313e-06,0.0179302668674391,0.856495367291948
"TCGA-CR-7398-01A",0.000545919669573513,1.31118931161446e-05,0.0367844157023919,0.0208399766747994,0.048899795384786,0.0128897188889938,0.00332116144203168,1.70783197296441e-05,0.00761312680665815,0.86907569521792
"TCGA-HD-8634-01A",5.00742663938287e-05,5.914767330758e-05,0.0162959760555209,2.02380050827268e-05,0.0217587227862102,0.000443288138175564,0.00733880870526807,6.02000294790188e-06,4.6440579426558e-06,0.954023080309151
"TCGA-CR-7372-01A",0.000712339981015623,5.21937583768635e-05,0.0535013981143223,1.49069928795521e-05,0.0243940735991898,0.00395814646892389,0.0216543278518009,3.05574486441364e-06,1.48967742038017e-05,0.895694660714423
"TCGA-HD-8224-01A",1.87688305626729e-06,5.51435258650191e-06,0.0283339689117153,0.00278928310230277,0.0149520204882431,0.00045084880107151,0.50619208235773,0.000911849371789808,2.14998993428771e-05,0.446341055832162
"TCGA-BA-4074-01A",0.000653241138958301,0.000682414127055966,0.0263456694464868,0.00756069591212378,0.0197931737479409,0.000321101726293412,0.00262856850848516,0.000111496069968792,0.0126203178802063,0.92928332144248
"TCGA-CV-6961-11A",8.99244547727909e-07,4.67542607857811e-06,0.0117194615508075,3.10524049812066e-06,0.0294062495198479,0.000460209820990213,0.0545532520322231,1.38503231684794e-06,2.31933502131763e-06,0.903848442797669
"TCGA-BB-A5HZ-01A",0.00138874482889051,0.000246858099317549,0.0193511449414346,8.61698934320295e-06,0.00627570546579644,0.000713690555077202,0.00184666771793056,3.12878182854118e-06,0.000421943681008597,0.969743498939373
"TCGA-CQ-5332-01A",0.00161559906066657,4.94188272695325e-05,0.0278378903588493,0.0183486148301033,0.0535363002946564,0.00140281833154588,0.000428142453553944,2.18369824071519e-06,0.000826469304831131,0.895952562840283
"TCGA-CR-7380-01A",0.00162936967528655,2.76838461734555e-05,0.0374039773699578,0.00125784375505343,0.0365705413378726,0.00680663471308736,1.63442051180917e-05,0.000297256690025714,2.06957832128535e-05,0.915969652624212
"TCGA-CV-6936-01A",0.00811386272972584,8.46681429985752e-06,0.0279830301469441,1.34108540849917e-05,0.0381755494342967,0.000981934993364744,0.000144223937042574,1.86795601388053e-06,5.251987167756e-06,0.92457240114706
"TCGA-MZ-A6I9-01A",0.0310311580519647,0.000291978294311109,0.0670232253085103,3.71942363892574e-05,0.0292755893443172,0.00180288264225679,0.00397863044812401,0.00597895757710907,5.85858455649125e-06,0.860574525512461
"TCGA-QK-AA3J-01A",0.00465251786312946,0.00429979711669467,0.0371637367185989,1.59424086290468e-05,0.00821493678247919,0.00140520991843384,0.00653407948774778,6.02659799129615e-06,3.89145785963587e-05,0.937668838527699
"TCGA-BA-4077-01B",0.00156372773559178,3.89717023072791e-06,0.0171103771749912,2.15728426339685e-05,0.187082741699137,0.00294309726298662,0.00530538455112345,2.4053330540704e-06,3.74875380265026e-06,0.785963047476449
"TCGA-CQ-A4C7-01A",1.22144032243874e-05,0.00371032357894199,0.0479772867205947,0.0698997180079173,0.0397609668076267,1.22320609244077e-05,0.0530251145221875,2.96800087922802e-06,5.44444275870818e-05,0.785544731470117
"TCGA-CV-7422-01A",0.000899757621984385,0.00207694629498708,0.0343031923733712,1.23957955409994e-05,0.0299509885948487,0.000618143011222567,0.00929288615515423,1.72364665095254e-05,0.00308192482547988,0.919746528860901
"TCGA-CQ-A4CB-01A",0.000795373236453957,0.00777678698841081,0.0600011903620719,0.0644147312373673,0.0475080512363782,0.000708873235676907,2.88571578698954e-06,0.0200553221238907,0.00222162968448726,0.796515156179476
"TCGA-F7-7848-01A",0.00814475456476242,0.00187177281235435,0.0479331105544516,3.09304452216314e-05,0.0493950697245593,0.000578530704572748,0.00106702890428765,0.092899022946255,0.00420391478411852,0.793875864559417
"TCGA-CR-7392-01A",0.0320329356527084,0.000369967972584498,0.0733460082974285,0.0285788212431336,0.1157473052326,0.00554842294922827,0.00916575855188539,4.93977556772641e-06,1.7676237611723e-05,0.735188164087252
"TCGA-CV-7178-11A",3.82275633160119e-05,3.27780043414457e-06,0.0171574030844174,0.000116032608303363,0.0281413302921888,1.24294631815968e-06,0.00628085372599642,0.676125542395106,5.37675456778012e-06,0.272130712829352
"TCGA-QK-A6VB-01A",2.78893207251516e-05,0.0242707135388404,0.0265663091455649,0.0120642255122162,0.00400221457658742,2.64157203676953e-06,0.00352532100783858,0.000443004698559337,3.5763660110916e-06,0.92909410426162
"TCGA-CX-7082-01A",2.5298026579955e-05,9.95143124218925e-06,0.0298674088871693,0.00394594047344516,0.039118293966111,0.000320186782952621,0.0688576036202911,3.78741078584843e-06,0.000549047877773952,0.857302481523649
"TCGA-CV-7414-01A",4.42664286869696e-06,0.00218224053233666,0.0339516931513905,0.0154121718493247,0.0246062551575068,0.00301358804914623,0.0207230088788978,1.32776358501737e-06,0.000479638122475595,0.899625649852468
"TCGA-CN-A63W-01A",9.68420535763385e-05,1.12786136380858e-05,0.0147906895065512,1.24944807289079e-05,0.0394686274695911,0.000518083893016417,0.00550987012679335,0.00218890866904833,4.34323544944945e-06,0.937398861951607
"TCGA-BA-5557-01A",1.54807974607977e-06,0.00338599798505205,0.0369607703966093,0.00561632367926526,0.0766386076904772,0.000534068394059782,0.000440872148704098,9.73716174500874e-06,0.0214710142393235,0.854941060225018
"TCGA-CV-7435-01A",0.00851182015782057,2.93464348647908e-05,0.0411420778799326,0.052825028687713,0.0577987814834097,0.00133804921187933,0.0182919106213673,0.000110962216815841,0.00341165802638271,0.816540365279814
"TCGA-UF-A7JT-01A",0.00444837436276004,4.59575700837662e-06,0.0316538577976817,0.00340354297755759,0.150865662756527,2.67159363574592e-06,0.00111256309755116,1.00093228787437e-06,3.28548105102171e-06,0.808504445243939
"TCGA-QK-A6IF-01A",0.0242022658208733,0.0315733016980019,0.0268692572136819,0.08870372090984,0.138822142986045,0.00167997978472095,0.00121095651928396,7.50358664935545e-06,0.100099911918339,0.586830959562565
"TCGA-QK-A6IJ-01A",0.000303709046147993,9.57438701713717e-06,0.0106245131774321,4.27987141589881e-06,0.076950824330261,0.000741205895878522,0.000525893172162646,1.26684740357037e-06,2.10537834238756e-06,0.910836627893939
"TCGA-CV-7248-01A",0.0406994905813115,0.000234858032719207,0.102790488753838,0.0206065018335233,0.0577719345255114,0.000131942564994779,0.00785360515000911,0.0826644194386373,0.00841254114131233,0.678834217978143
"TCGA-CV-7101-11A",1.26621469546695e-06,5.90066694533905e-07,8.73405442939299e-07,5.89957556563265e-07,6.00082911045088e-07,3.44166745944649e-07,7.70080340222905e-07,0.745202678048395,5.38048509410456e-07,0.254791749928709
"TCGA-H7-A6C4-11A",1.59325412899651e-06,5.60467280899551e-05,0.0117245910987364,2.35015778637916e-06,0.0175872089299101,0.00042216192054817,0.678739264745075,9.8452843216833e-07,3.49422484271102e-05,0.291430856388865
"TCGA-CV-6942-01A",0.0194151225749442,1.40472594716275e-05,0.100226410675702,0.05077965765319,0.156451470677062,0.00386351887843303,6.7169992128635e-05,0.11340646268858,0.0020135842526709,0.553762555347817
"TCGA-RS-A6TP-01A",3.58288449971235e-05,0.000601748262663432,0.00605816574552546,1.33934569971514e-05,0.0207690879353315,0.000180951555650337,0.000761353282081922,3.41714728309538e-06,9.58826615975403e-06,0.97156646550331
"TCGA-CV-7091-11A",7.49652168047435e-07,6.54318274608218e-07,0.0417907903431115,0.0205893743061211,0.00179217767295184,6.99726240669647e-05,0.928739413041979,0.00536418556141953,9.62238378292974e-07,0.00165172024152886
"TCGA-D6-A6EM-01A",0.00456212907046172,2.86781147567906e-06,0.0281556003000428,3.82304075546709e-06,0.14138901862674,0.000778398720700639,0.259745695483148,1.12487838581194e-06,2.38519965751673e-06,0.565358956868632
"TCGA-CV-7101-01A",0.027014738057883,0.000196103643841495,0.0427956398250874,0.00489390760811619,0.0830572285681781,0.000884167943566614,0.000761332813701153,0.0188694927965337,1.3450334871929e-05,0.82151393840822
"TCGA-CR-7371-01A",0.00352211930506665,0.00497977390172232,0.0825760769356906,0.0181325768595104,0.0607538527174946,0.0014283771918677,0.00332996505183841,0.18783216207179,0.0106552145454911,0.626789881419528
"TCGA-CQ-5329-01A",0.00228893185160272,0.000171942769504138,0.0314714076806777,0.0455040593919217,0.172504771414449,0.00175138171780424,0.0137444214123637,3.80706542344996e-06,8.52938729813735e-06,0.732550747308955
"TCGA-H7-8502-01A",1.29981434342213e-05,0.00515402396051595,0.0351189955821324,0.00122603739632661,0.00852076208762946,0.000201836103949046,0.000799288300474392,1.59758638731588e-05,0.002374105043211,0.946575977518454
"TCGA-CN-6989-01A",0.000713943037184904,0.000374434388233196,0.0801965134128676,0.138730350124255,0.174865014171606,0.00131965732983469,0.0836934601915406,1.56123882054344e-05,0.000660351465953974,0.519430663490319
"TCGA-CN-5360-01A",0.00626597695890619,0.000488875904022727,0.0502955022228746,0.00265040036743084,0.109482643420129,1.0117358470444e-06,0.068136853760437,0.372259836481092,0.00141662083541891,0.389002278313842
"TCGA-CV-7097-11A",0.00806617295530946,3.04331827172242e-06,0.052489052432335,0.0642732912806073,0.0437357529909346,0.00151379614862114,0.62343149560834,0.159521465365604,0.00196388777075711,0.0450020421292187
"TCGA-CV-7429-01A",2.32321793240342e-05,5.60240511379357e-06,0.130933119029853,0.173344752519787,0.0731854490478022,5.49227460107937e-05,0.0359558781316328,2.18502945356904e-06,0.0263721855052055,0.560122673405817
"TCGA-H7-A6C4-01A",0.00239965617266749,0.00178809340123275,0.0111654823197327,4.64320837216344e-06,0.0254315867604833,0.00356008328075346,0.189264008473198,9.14514136695707e-06,0.00256096341157614,0.763816337830617
"TCGA-BA-5153-01A",0.0120114670910667,0.00931991591046376,0.0496808811430957,0.0033917887897228,0.0823350578522347,0.000881373627589914,0.00145629522518968,1.13843591969633e-05,0.0106136178807665,0.830298218120673
"TCGA-BB-8596-01A",8.82423962358584e-06,0.00195182882612772,0.0900549751240305,0.125405288439186,0.0908164284860716,0.00028141955643751,0.0242078962241248,0.256516468164302,0.0024863087999471,0.408270562140149
"TCGA-CR-7369-01A",0.00506370510013311,0.0013624024583795,0.0377435371282521,0.00443885892063913,0.0316447332476319,0.00377570611102706,0.000899733896113066,2.66885729799494e-06,0.00367206748190073,0.911396586798625
"TCGA-CQ-7071-01A",0.00276845240437311,3.27995655209071e-06,0.0124841072549888,8.52187448971711e-06,0.109551890279491,0.000505454537395004,6.64806091699025e-05,2.33092250999136e-06,3.52375474153338e-06,0.874605958406289
"TCGA-BA-A6DB-01A",0.00177989622207053,0.00091073502240059,0.0329647175629702,7.20179365154838e-05,0.10881468051747,0.0047720894068606,0.156753141991883,6.43840663341287e-06,0.00285024743158617,0.69107603550161
"TCGA-CV-A6K1-01A",0.000294127235706979,0.000478662353726863,0.0192770615323938,1.21230934903642e-05,0.00858524104124785,0.00052566842343894,0.00039357663623183,1.47643480995211e-06,0.000283802581283707,0.97014826066767
"TCGA-MT-A51X-01A",0.00079987280412213,0.000528618766546754,0.0159061771460178,1.65339388190517e-05,0.00488325282063383,0.00103950615907985,0.0161724688012742,1.24710359613979e-05,0.000778946577966181,0.959862151949579
"TCGA-4P-AA8J-01A",0.0132244527737043,0.00183537897660916,0.0527151192887678,0.165469660576173,0.0909261660170163,0.00365850107867951,0.0837541064312509,3.53925380600503e-06,0.000151902005967019,0.588261173598026
"TCGA-CV-5439-01A",0.000461110550149253,3.9571535354671e-06,0.0122928305045849,3.43706452003244e-06,0.0613664290747166,0.000573143786074288,3.58275956677215e-05,2.71412810612445e-06,3.83462813258058e-06,0.925256715514513
"TCGA-BA-A4IF-01A",0.000411609967513993,0.00201119948955436,0.0201777708571003,0.00601553690843004,0.00984265687690569,6.49764049803764e-05,0.016378881824304,0.00972746142217396,0.00118357910957558,0.934186327139462
"TCGA-D6-A4Z9-01A",0.00132153258726028,0.000737581544588868,0.0204587777042731,7.28584881985042e-05,0.0118023386015716,0.000911935227775926,0.0192250925419535,5.82360587937958e-06,0.000159224790111761,0.945304834908387
"TCGA-CV-7437-01A",0.000962804126192673,2.45735332821688e-05,0.0157460289232488,0.0310155900997373,0.0182021095810779,0.000935577942755805,8.67526225920629e-06,2.76877085617735e-06,6.46609947515305e-06,0.933095405661115
"TCGA-CR-6484-01A",0.0131543627565978,0.00428363726280007,0.0501599351455898,0.0130557727469473,0.204678757820171,0.00182339120142932,0.000435603342845791,3.1579221755091e-06,9.15093390338713e-06,0.71239623086754
"TCGA-CV-7245-01A",9.51469706062714e-06,0.000321324312421623,0.0205432230951766,9.74282270055296e-05,0.0128544412373734,0.00179622004378102,0.00019509302130616,1.50103316869744e-06,8.71923395514378e-05,0.964094061993155
"TCGA-CQ-5327-01A",0.000720931562905256,5.83581743720164e-06,0.0213341200953722,9.62283995618765e-06,0.147242627846677,0.000634323907053481,0.0223446948718616,1.72796584672925e-06,2.57392961828882e-06,0.807703541163272
"TCGA-DQ-7588-01A",2.80707644966163e-06,1.8668327258004e-05,8.53543546305128e-05,0.00011898696614757,1.66809052024882e-05,0.00013833458270799,5.87151016242126e-05,4.85099883281368e-06,1.87270680729031e-05,0.999536874619074
"TCGA-CR-7373-01A",0.00817906579085787,1.28047358797805e-05,0.0294295050652232,0.0529453064408802,0.136244898711069,0.000609423821793326,1.00821453737364e-05,3.67537715091689e-06,1.06014720674005e-05,0.772554636439705
"TCGA-CX-7085-01A",0.0240369026361946,0.0019068821486426,0.0742423859582652,0.034157869178699,0.143842737238653,0.00224022343659585,0.0866394512316715,1.26818631804219e-06,0.00623168204942221,0.626700597935538
"TCGA-F7-A50J-01A",0.000739253226541453,0.00083847687012037,0.0110584568496421,4.96742232708389e-05,0.0249013490286677,0.000919301165837081,0.00292113518818475,3.57146950083849e-06,0.00380502259597625,0.954763759382259
"TCGA-CQ-6228-01A",0.00277395598577687,0.0211947252384506,0.0375430767408426,0.0255164428412947,0.010269029805233,0.000589609091200629,0.00012008986799324,3.10208847303086e-05,0.0032288597901773,0.898733189754301
"TCGA-CQ-6222-01A",0.000106616464147895,1.05160693265752e-06,0.0185162164664159,3.5261292181411e-06,0.100379304924958,2.37729230166808e-06,0.53234708250585,0.000641559534665072,1.19287494665862e-06,0.348001072200564
"TCGA-IQ-7630-01A",7.48856454390984e-06,0.000713913943697185,0.0120344907176872,0.0141553023027777,0.0415621378339027,0.000422202178655891,0.00110818329302098,4.23512113567949e-06,2.25565465459118e-05,0.929969489498033
"TCGA-CV-7103-11A",3.79850487494048e-06,1.36084227031072e-05,0.03604254553755,1.04652921135531e-05,0.0382626817854769,0.000994559078646211,0.0797020701848957,0.000134129817330919,2.88447172267969e-06,0.844833256904686
"TCGA-D6-A6EP-01A",0.0152172951109523,3.45610638692246e-06,0.0916649730458337,0.428567145506811,0.0588546739996553,0.000114361818439718,0.00302014640397719,2.4936990721018e-06,3.762584842412e-06,0.40255169172403
"TCGA-CV-7250-11A",0.000369749674545285,3.89661036948219e-06,0.0127835865976772,2.5873660457355e-06,0.0522606528107007,0.000416394333106789,0.606856562176176,1.78616819447766e-06,6.72153880153215e-06,0.327298062724383
"TCGA-D6-6825-01A",0.000565325225890138,0.000671685932231657,0.0334487188610892,0.000283487193410564,0.0874410381676914,0.00162134644681439,0.0196110776204626,2.19574384967179e-05,1.02351797714897e-05,0.856325127934142
"TCGA-CV-5432-01A",0.00729539966795611,1.45171551324756e-05,0.036669432913463,0.00969665907755022,0.0453818088965858,0.00263590031668006,0.00794844623421668,0.0285061141401481,3.61831772720866e-05,0.861815538420995
"TCGA-CN-6013-01A",0.00196057855840157,1.85739251847645e-05,0.0203719949575683,5.12385214702133e-06,0.1443588669452,0.000751437396514046,0.0121481554739759,0.00124743387357383,1.84775465801466e-05,0.819119357470854
"TCGA-CV-6939-01A",0.00666029315192178,0.00292683091728398,0.0738940683421057,0.0254250743800783,0.095256224843969,0.00274039246510625,0.000859934665939691,0.0509418468432456,0.0225329344564245,0.718762399933925
"TCGA-CR-6477-01A",0.00261697193088271,1.26369996460344e-05,0.0409751544478494,8.32579721787428e-05,0.0674814383128064,0.00293638543910026,0.00462432991084206,0.00430977729608939,3.84260928719077e-05,0.876921621597733
"TCGA-WA-A7H4-01A",0.00287011267224126,0.000432053801670919,0.054647825956294,0.0225672539814915,0.0408786882459001,0.000781901652298057,0.192521247161162,0.0756213680807138,4.70928367122416e-05,0.609632455611516
"TCGA-CN-5358-01A",0.0193595948487166,0.00216305363202528,0.097396161565236,0.0495762074695169,0.163626060779124,0.00464308294652894,0.0656487916297024,0.00261721677864334,0.00799207844941858,0.586977751901088
"TCGA-CR-7397-01A",4.30291835256325e-05,0.000391551748020412,0.0605961447436863,0.0600211153437658,0.0806295301525962,0.0034474404621079,0.0300329174848543,2.89823605606281e-06,3.39008067551155e-05,0.764801471838632
"TCGA-F7-A61W-01A",2.20495302030388e-06,1.59918762632332e-05,0.0130026845103795,5.96110095523341e-05,0.012865012361056,0.000220465415349836,0.0273390257641067,4.67802798445166e-06,7.90554769812769e-06,0.946482420534589
"TCGA-BA-5558-01A",0.000622817110444897,9.90404594366004e-06,0.0356321160298847,5.5941130657089e-06,0.0659631606171006,0.00644998097927839,0.000120012921545343,4.3393539808627e-06,6.36224466318586e-06,0.891185712584093
"TCGA-CV-5976-01A",9.06754026553776e-06,5.11485103305593e-05,0.0213750950495871,0.00373294502078819,0.0279235986112226,0.000252549629121416,0.0920621460884624,3.03413966600581e-06,2.33043245470703e-05,0.854567111086009
"TCGA-CV-6954-01A",4.71505471852907e-05,1.63562821433962e-06,0.0182475838939793,3.13348977932831e-06,0.16767649623559,2.57240133548743e-06,0.000709409779670045,8.36890671439412e-07,1.20484807684101e-06,0.813309976285498
"TCGA-CR-7395-01A",0.00506842777439303,1.03983571503328e-05,0.0369925312507671,1.5929517793766e-05,0.140494158156667,0.00213306898247035,0.000890419043873541,0.000353465661685361,9.87867736303141e-06,0.814031722577837
"TCGA-CV-7411-01A",0.00130953633854865,0.000289259784371377,0.0181277815341735,6.54442648986962e-06,0.013501316385861,0.000566048180536337,3.39225381549391e-05,4.07201887862828e-06,0.000688901344360332,0.965472617448625
"TCGA-D6-A6EQ-01A",0.00171130553013105,2.20793644993145e-05,0.0248168198822129,4.60441045248191e-05,0.0627480417522124,0.00187660779930902,0.000187710397786843,2.56392706405347e-05,4.732062442273e-06,0.908561019836241
"TCGA-CV-7095-01A",0.000912810296271956,1.50905757036919e-05,0.0115364372171668,1.72327336223597e-05,0.032297249937685,2.19252790153261e-06,0.0347400450445125,2.25889923212896e-06,2.52821518567856e-05,0.920451400616047
"TCGA-CV-A463-01A",0.00170878380581134,0.000384238306220595,0.0117700797284267,7.43561152831589e-06,0.0222254260965269,0.000429411472908241,0.000113491773369469,1.47917742390998e-06,0.000402805372933152,0.962956848654851
"TCGA-CN-4722-01A",0.00627469091549902,7.88432039434061e-06,0.0668210207249139,9.77141355639249e-05,0.0133791293357696,0.000402809199183586,0.000165521778946973,0.0129192060946402,2.56942380072557e-06,0.899929454071288
"TCGA-QK-A8Z7-01A",0.00563491538709197,0.00288825010369813,0.039475918573262,0.0138490803869209,0.0296955742796905,0.00166983513744686,0.00313149922892384,0.000461601512767699,0.00427550015709548,0.898917825233103
"TCGA-CV-6961-01A",6.50339683227454e-07,1.78126035910534e-06,0.0299090299714703,8.03582709328336e-06,0.123113683015825,7.43398743417145e-06,0.282862346132211,7.98451290836324e-07,2.26110943413173e-06,0.564093979905198
"TCGA-CN-5365-01A",3.68323581610615e-05,2.944248326084e-06,0.0107629465035202,0.000264522703602353,0.0328637044752387,0.000169101622715357,6.513984333748e-05,2.06071640529055e-06,2.56329134568969e-06,0.955830184237348
"TCGA-CR-5248-01A",0.0311917217878137,0.00085250155353775,0.0246342554385625,1.46836439347284e-05,0.245920936645579,0.0010679072042641,2.11607853467584e-05,0.0110639319687019,0.005604757008962,0.679628143963297
"TCGA-CV-6962-01A",2.18352683549385e-05,1.03829832589559e-05,0.0745497016022389,0.0122544013362213,0.00695011295289092,0.00041709882000698,0.00384089047196068,1.8489128963849e-05,0.00420491177251897,0.897732175663585
"TCGA-D6-6517-01A",0.0076848461757733,2.4894745961378e-05,0.0273901738825229,0.00200030408650436,0.0664913935458787,0.000439982538585856,4.98787617584577e-06,0.0284148028461966,3.80306983855461e-06,0.867544811232562
"TCGA-CR-6491-01A",0.00209513404780326,0.000539212131575789,0.0188757262630796,1.21136724323385e-05,0.00665476437343885,0.000794778702657374,0.0010082050991661,2.61582371026911e-06,1.10086678156321e-05,0.970006441218321
"TCGA-CV-7242-01A",0.0302016190901722,0.00203814224564891,0.0276109608174554,7.0155827261304e-06,0.0866846390504581,0.00399718610617574,0.000341777361124384,0.0851352707248369,0.00874326305395405,0.755240125967448
"TCGA-CV-A45R-01A",0.000651414184290815,0.000975294649173816,0.0366470079887686,0.000222035212927936,0.0367109045372645,0.00210237541394322,0.0483499102076402,2.55337715959311e-06,0.000148991941033182,0.874189512487798
"TCGA-KU-A66T-01A",7.63652355559279e-06,0.00144490075607235,0.0066333104638277,0.00232547755303833,0.00339517666320724,0.0001260339168432,3.21831285660533e-06,2.93373581661138e-06,0.000682811700573842,0.985378500374209
"TCGA-BB-4223-01A",0.0125912440597001,0.031586853708547,0.0381446795174021,0.0108307769477436,0.110857325854998,0.000771391949101136,0.0020685984592921,6.8066218647144e-05,0.0174720425399573,0.775609020744612
"TCGA-CV-A468-01A",0.00739565602577373,1.7762165303035e-05,0.0331539130661565,0.0115194779738322,0.15382381365807,0.00175701680127871,0.0391048990221485,7.31446063212191e-06,8.79076259780074e-06,0.753211356064208
"TCGA-D6-6516-01A",0.00114111356250904,1.01520855147646e-05,0.029223690596728,6.5517587899251e-06,0.0407635929043286,0.00351303743012619,7.3614040134475e-05,1.47907653717808e-06,3.65099097158641e-06,0.92526311755436
"TCGA-CQ-6219-01A",0.000661476078072959,1.9913132723172e-06,0.0238992442611982,1.62611715863059e-05,0.252792982350921,0.00157341512760032,0.0170188742025412,6.54702003834666e-06,2.28102756798464e-06,0.704026927447202
"TCGA-CR-6467-01A",0.0337243599198171,0.0344664835286025,0.0449007935705385,0.00421824910891151,0.119395073457767,0.00166763658160607,0.000956751766198202,0.0029648586702698,0.0441845848214765,0.713521208574813
"TCGA-CN-A497-01A",0.0086909065829288,0.000509405781597734,0.0693357671338812,0.0490546407385262,0.0836436623897292,0.00436660867774781,1.10634329269102e-05,1.54599396004151e-05,0.000220651185228224,0.784151834137834
"TCGA-HD-A6I0-11A",0.00209988441345707,3.13151504746359e-06,0.0947116529450823,8.11555006784164e-05,0.0239547909915071,0.00362751690765216,0.483241757854288,1.82740670337135e-06,0.00510384455998751,0.387174437905596
"TCGA-P3-A5QE-01A",0.000863755298012471,0.0732169417194957,0.00933085210214641,7.66772057401647e-06,0.0629744794883007,3.87537322331463e-06,3.31735361578491e-05,2.73806368980358e-05,0.0353563081587513,0.81818556596644
"TCGA-CV-7102-01A",3.48136147378237e-06,3.11356980546256e-05,0.0524623913613655,0.0334036732660906,0.0332113287172528,0.0004610521732199,0.121596652222087,1.04724044415488e-05,0.000628238422889065,0.758191574373125
"TCGA-CV-5443-01A",0.0442802729553352,0.00738821015746079,0.0376996621465718,0.0326482000582584,0.178240988549648,0.0015484703292902,0.00148679308144117,0.0151502809062282,0.00271721652849061,0.678839905287276
"TCGA-CR-7377-01A",0.0021521884918258,0.00242245759259476,0.0730487380982135,0.0440910972595961,0.157503795461412,0.00491748828689557,0.0746833433313529,5.0875080047012e-06,0.00548487857087795,0.635690925399227
"TCGA-CN-6016-01A",8.05800319355462e-05,2.44208258678683e-06,0.0424402088098915,0.0553217774867218,0.0796501517703129,0.000929145495629253,0.338034942979406,2.39724800889955e-06,2.59535431887258e-06,0.483535758741188
"TCGA-BA-A6DG-01A",0.00030756884167403,0.000274901008730211,0.067269275595059,0.0948152155847435,0.0345015212405563,3.3663244576506e-05,0.089440373459426,2.52325753817192e-06,0.00999641124143826,0.703358546526258
"TCGA-CQ-A4CD-01A",3.73255638550119e-06,0.0587539983916921,0.0181455906048702,1.36876675284018e-05,0.0700810301720874,2.20482547920196e-06,3.86152818633497e-05,1.66908292102987e-06,4.46690877216486e-06,0.852955004508401
"TCGA-F7-A50G-01A",0.00199652470392024,7.18738443844092e-06,0.0185922690630451,8.52359406379196e-06,0.074453962284085,0.00145573289755639,0.00243733421458921,0.00569120683438221,4.79211984702188e-06,0.895352466904073
"TCGA-T2-A6X2-01A",8.67787324256373e-05,5.91038432772502e-06,0.0145732840565434,3.11721948246713e-05,0.081717563766894,6.99263664311088e-05,0.000156263786999549,3.57563274265674e-06,4.96608901798098e-06,0.903350558989793
"TCGA-BA-5559-01A",0.00898280224234391,0.00204590051070285,0.0487659245567974,0.0203569623022652,0.203210557703675,0.00175837835876445,0.257004691093949,0.0298669105427938,0.0113375470296864,0.416670325659022
"TCGA-CN-6021-01A",0.0121367178507618,1.31110261990963e-05,0.0596079363131758,1.27779872115431e-05,0.0203652098554354,0.000438144673188103,5.08983573781875e-05,0.00151143723385406,7.18016322349313e-06,0.905856586539573
"TCGA-CN-6020-01A",0.00176475999217822,0.00289265412535767,0.0398809681845711,0.00308565078874576,0.0260473387435107,0.00113493991699319,0.00288939593019717,1.57996162159237e-05,0.00360118966589746,0.918687303036333
"TCGA-BA-A6DJ-01A",0.000348959932157801,3.54362408157036e-06,0.0101548894619184,1.00268819292384e-05,0.145462346646401,0.00075162740857878,7.20667285865998e-05,1.57536747170563e-06,3.44229655819164e-06,0.843191521652317
"TCGA-BA-A6D8-01A",0.00410360856670338,4.05840388086165e-05,0.0742838854569525,0.0573617003501925,0.0323095319217132,0.00421109325150069,0.000183348107748071,3.13045858874736e-06,6.43976089390274e-06,0.827496678086898
"TCGA-CR-7376-01A",0.0069914207709701,0.000280592225793052,0.0829531776268892,0.160664211439983,0.234407800904483,0.00486185355763833,0.0274653377114565,0.0296375237001872,0.0247002868051944,0.428037795257405
"TCGA-HD-A633-01A",2.74034955977195e-05,0.00306290351239856,0.0223286952137531,3.27354142136309e-05,0.0170534206436747,0.000427246597123308,2.50796615722716e-05,0.000156897705828212,0.00233127817018109,0.954554339585657
"TCGA-BA-6871-01A",0.00398423909128359,1.89246193254254e-05,0.141515774096246,0.137448256739325,0.00864399739123702,0.00486997824562277,1.90666283472914e-05,2.09825736120075e-05,0.040560465985128,0.662918314629873
