"","B-cell","Dendritic","Endothelial","Fibroblast","Macrophage","Mast","myocyte","other","T-cell","tumor"
"TCGA-BB-4224-01A",3.15183065937902e-06,3.8611103986284e-05,0.00673544087299296,0.0072579200205715,0.0243513849230599,0.000242402032337235,0.008027698979215,2.48244575082387e-06,1.1666148075748e-05,0.953329241643351
"TCGA-H7-7774-01A",0.000225093889639715,1.74811501826835e-05,0.00838111749039342,5.67476543231028e-06,0.0270175068464305,0.000895275785753304,7.12446922503695e-05,3.7841626066666e-06,0.00104590293012575,0.962336918287185
"TCGA-CV-6943-01A",0.00496221249763706,3.15748391744803e-06,0.0212626615156539,0.518851254261585,0.0888825237029713,0.00119079167631107,0.000400540633109631,4.62558369895048e-07,0.00207948991671936,0.362366905753726
"TCGA-CN-5374-01A",0.00937583882814068,0.00101728542202579,0.0214092674355179,0.0206416079863867,0.0301326974792228,0.0010557184812782,0.0144605060726013,5.7346669059211e-06,0.0215583108373019,0.880343032790619
"TCGA-CQ-6227-01A",1.1533554732301e-05,3.8867524735522e-06,0.047288362560292,0.274691182796515,0.0163893008275059,0.000697573395034969,0.146414216458313,1.33628700757256e-06,5.46489361963069e-06,0.514497142474506
"TCGA-CV-6959-01A",0.001684037818353,4.94720177391102e-06,0.0359988514455394,0.112765042237732,0.0533793080169866,0.000411356592870729,0.157777373861311,1.4207304560841e-06,4.44887152843616e-06,0.637973213223449
"TCGA-F7-A61V-01A",0.000912025397720113,5.17339390353275e-06,0.0119643059755751,0.0159382811123342,0.00811871812164873,5.82679752657818e-06,0.0540606904080927,0.0215904356247807,0.00174922734342424,0.885655315824994
"TCGA-CV-7413-01A",1.78692438417408e-06,5.38159983616549e-06,0.00408265044091996,0.323083666387132,0.0381177918214244,0.000216699401605086,6.15177698740639e-07,4.43802627520158e-06,5.05661297782784e-06,0.634481913607746
"TCGA-CV-7247-01A",7.63076909143722e-07,1.15824813658102e-05,0.0388994835365597,0.199727002703813,5.24372718954724e-06,3.51119987465192e-05,0.183067321108479,3.57390764594961e-05,9.52760414357937e-06,0.578208224686334
"TCGA-CR-5249-01A",0.0121290976977,0.00188119529465666,0.0272726839751455,0.062132038722339,0.0575193111524854,0.00186525452351591,9.13124138784204e-07,1.80469165336067e-06,0.0194645053725975,0.817733195445768
"TCGA-CQ-5331-01A",0.00100866678743459,1.33809000844651e-06,0.0297063517776076,0.0431807308909792,0.115692640318314,0.000113289397042683,1.03719259780516e-06,6.69630446748335e-07,1.08336425792089e-06,0.810294192551311
"TCGA-BB-8601-01A",0.00324630919831776,2.06417286336405e-05,0.0111223991712433,0.00493332787323916,0.00097356547568958,0.00152900975591474,6.85712126330143e-06,3.92645192707914e-05,0.000583228074912691,0.977545397081515
"TCGA-CV-A45W-01A",0.0694321707636164,1.09107886087671e-05,0.0592875803367527,0.13751922821818,0.0514331909865244,0.00119210955715475,4.29907626045634e-06,0.000217642443961202,0.00909626336333798,0.671806604465603
"TCGA-CQ-7063-01A",2.58207009947299e-06,1.20232592738084e-05,0.0162136819282614,0.0199407192690774,0.102168885463023,0.00106671148381205,9.45864456091133e-05,2.05111203720604e-06,3.99212042199893e-06,0.860494766848385
"TCGA-CN-5373-01A",3.32213351500564e-06,4.61060808084481e-06,0.00925277934381372,0.277171026679007,0.0389366164057212,0.00066281417516703,0.00215082042055906,1.05169249012113e-06,5.63663995476711e-06,0.671811321901691
"TCGA-CV-A45T-01A",0.00825103470907065,0.0015003056116326,0.0320415570109541,0.0740212773762669,0.0784753438809557,0.000911308748508198,0.0389735997716166,0.000757829421606049,0.0148083594425078,0.750259384026882
"TCGA-HD-A4C1-01A",0.00125796925154641,2.49295947506397e-06,0.0142321972817475,0.13954762973662,0.00890826133270534,8.84169374907906e-07,1.30061311553611e-06,1.5002912778118e-06,2.50474021623987e-05,0.836022716961975
"TCGA-CV-7438-11A",0.00291343449563277,0.000109482598402598,0.0102636830970542,0.00187849818961027,0.0579285345209017,0.000740412796615809,0.0099059037621582,0.00278095635476985,0.00140677230728324,0.912072321877571
"TCGA-CV-5444-01A",2.63640950120697e-06,1.49354478116779e-06,0.0181823865417689,0.638762615060131,0.0684173950006934,0.000223009909789166,0.0557338197467085,9.42604063989203e-07,1.65698847919402e-06,0.218674044194083
"TCGA-BA-5556-01A",0.00212125446164645,0.00047012581322932,0.0288435967155393,0.0696099608678225,0.105007868126687,0.000566699265624609,7.84530839579887e-07,0.000427798716768474,0.00288287777127912,0.790069033730564
"TCGA-P3-A6SX-01A",3.51901997283663e-06,3.88984256745612e-06,0.0100231566174724,0.162484551936964,2.30610689507821e-06,0.00025967414005016,0.0343833380087612,1.26617148128809e-06,3.48414937019184e-05,0.792803456662134
"TCGA-CV-7242-11A",0.000132557076910114,2.0389853549766e-05,0.0190491835621327,0.0108729096478763,0.0325237325188999,0.000449662070612202,0.00161907993524554,1.94836051690099e-05,0.00151106678923368,0.933801934940371
"TCGA-DQ-7592-01A",2.42660468618724e-05,0.00250488700621477,0.0118720075257998,0.194315537391615,0.0138682919700382,0.000435820016900531,0.0358900008970498,1.11652530829121e-06,0.00188566964267692,0.739202402977535
"TCGA-CV-6937-01A",1.93182440061678e-06,0.000327596949297355,0.00821344939245065,0.311189431017655,0.0299934342636632,0.000188706569745855,4.53475754061025e-05,0.000357382282151828,4.22318406898476e-06,0.649678496941161
"TCGA-QK-A8ZB-01A",0.0155849420309597,3.72660491371208e-06,0.0152459891532632,0.166064832702653,0.0119983569938311,0.000697674313828718,7.52633206269298e-07,0.00695496885857459,0.00066739158004762,0.782781365128722
"TCGA-CV-7432-01A",1.06321838594366e-06,6.93039693909918e-05,0.0128886983799575,0.0433244940609929,0.00367174867919589,0.00035864898962346,7.74583302810476e-05,2.1183991798114e-06,0.000361635614164796,0.939244830358828
"TCGA-CV-7089-01A",1.44272984142173e-05,1.07176393862863e-05,0.0295918392214733,0.0221479335389445,0.0254462804341886,0.00150865180663901,2.02243614830053e-06,2.09260015619387e-06,0.000435149361221606,0.920840885663428
"TCGA-CV-6939-11A",0.000147802991839277,6.71327052353238e-07,0.0411273294495345,0.0359237324558457,2.59640520665717e-06,4.29733635926646e-07,0.805093448612898,0.117683268633655,5.7847205280065e-07,2.01419182801169e-05
"TCGA-BA-4075-01A",1.04825126911242e-05,0.00158052247879813,0.0189078183642047,0.0709200624127854,0.0263795664213689,0.00014240652759647,0.0131532619055598,7.31531035639192e-06,0.00179787268620752,0.867100691380432
"TCGA-T3-A92M-01A",0.00634401745563185,4.19487582407185e-06,0.00824555607636843,0.45634507244878,0.0579089294970084,0.000310707609642765,5.51028903339864e-07,1.22613252578058e-06,0.000122354749730861,0.470717390125584
"TCGA-BA-4078-01A",1.12041265935054e-06,1.20564298153438e-06,0.0179703794291588,0.559621623984423,0.0190782393485314,0.000628971213260069,5.9942457533814e-07,4.99859708267307e-07,0.000150551978348191,0.402546808706354
"TCGA-CV-7100-01A",8.51675138505024e-07,1.00658990036178e-05,0.0255792111856056,0.32741770810235,0.0257427679739824,0.000406815439829371,1.12783206246601e-06,7.28269715326293e-06,0.0103499025042758,0.610484266690598
"TCGA-MZ-A7D7-01A",0.000259573796158788,0.000151309430739755,0.0019803041199827,0.00654141705219906,0.00200752786595106,0.000532185715059092,1.70208264118916e-05,0.000450073782474063,0.000521838387996096,0.987538749023028
"TCGA-QK-A652-01A",5.44327644882697e-06,0.000228813887350218,0.019714604324478,0.0846729602963697,0.0290671746522941,0.000914067259741325,0.176528001395109,2.55953695789151e-06,0.0033673803750856,0.685498994996166
"TCGA-CV-6433-01A",0.00618571430767099,0.0321949159532838,0.0164056124169959,0.0122631976087928,0.0768712285611482,0.000412333398358865,9.33612435454168e-05,0.00150693195477023,0.0513829540370918,0.802683750518342
"TCGA-CV-7416-01A",3.90913001368771e-07,1.7739083958394e-06,0.0122271023739085,0.447905062090313,0.0242515073899572,0.000221432494722493,4.30524772127993e-07,1.32233663081929e-06,1.4407359533785e-06,0.515389537232345
"TCGA-CV-A6JY-01A",0.00145120208401351,8.665592227868e-06,0.0140759973883033,0.00028475833239051,0.00425238383986313,0.00139741281238898,0.000336784603717276,0.00336533458929818,0.000458434890064689,0.974369025867733
"TCGA-CR-7399-01A",0.000447859260468225,0.00587766897882983,0.0202870188447289,0.0855179283818543,0.11671051815889,3.83990217993396e-05,2.5115258011054e-06,0.000347013314795023,0.0288801772971196,0.741890905215714
"TCGA-CV-7568-01A",1.6423796128813e-05,1.75281789319984e-06,0.0088693495874007,0.405566436677582,0.00911026342613836,0.000247414819641859,0.0342057116548967,8.46961726141295e-07,0.000905604828079706,0.541076195430513
"TCGA-KU-A66S-01A",0.00169463577941199,0.000248749575001858,0.0632776291892785,0.151322448426256,0.0100760473745434,0.0057364127886438,0.0013873111086474,0.00954978620729566,0.0228644968755456,0.733842482675376
"TCGA-QK-A6VC-01A",0.00527275109129771,0.00544872839700531,0.0181805499750962,0.107654413475688,0.0371323020908698,0.000841665796103909,1.45556953877723e-06,1.19041136530863e-05,0.0104122107398944,0.815044018750853
"TCGA-CN-6998-01A",1.17884040330551e-06,2.82683677241312e-06,0.00609825307211468,0.0008801141967022,0.00271337397327954,3.17258797106166e-05,0.0119989280250071,1.04480441023109e-06,0.000678599992227275,0.977593954379373
"TCGA-CV-6941-01A",0.000402314252983141,2.52293910828648e-06,0.00672625235529035,0.386516065463571,0.0231685255572681,0.0015597562656558,0.000878081729496851,0.000230204060638595,2.01227192134012e-06,0.580514265104067
"TCGA-CN-4727-01A",1.58211373955377e-06,1.85058813430923e-05,0.0308398291571461,0.216502697835447,4.91780826416928e-06,0.000117871258727557,0.00213955440936433,9.37291475618803e-06,0.00055474390046325,0.749810924720749
"TCGA-BB-A5HY-01A",1.44724322241626e-06,1.50670495700912e-05,0.0120283632906283,0.235638538728959,0.00988746904675404,3.01536128862572e-05,0.00239547656291139,4.68790797561772e-06,0.00188222894057073,0.738116567616522
"TCGA-CV-7263-01A",0.00238464602269751,2.49118875899755e-06,0.0220161123918801,0.334636254776258,0.0397303383786725,0.000737572831568989,0.0480665971871813,1.67955069456879e-06,6.11088928360264e-06,0.552418196783005
"TCGA-H7-A76A-01A",0.0155340944955417,0.00230884069319947,0.0118218348308743,0.419804520826135,0.14742572280992,0.00105568526498154,9.63721740117478e-07,1.72481665589008e-06,0.0111019404755445,0.390944672065408
"TCGA-CN-4723-01A",0.0187728428128901,3.97086253995873e-06,0.0260862981434919,0.326005082917464,0.0376022639209659,0.000980434854189438,1.00152901051765e-06,0.00117522687495353,0.00353941906310029,0.585833459021394
"TCGA-CN-6997-01A",4.38881281263263e-05,9.45546219848895e-06,0.0170432303721102,0.189330646861508,0.00592546963803433,0.00142488621313247,1.7905663095502e-06,0.00121049506568433,0.000781986563100819,0.784228151129796
"TCGA-CN-5364-01A",4.99229641514801e-07,0.000106552280175875,0.0174363872069425,0.189362691528986,0.0203853419985051,0.000309931142668765,0.0287353097591472,1.84562289571746e-06,0.000688119840103222,0.742973321390934
"TCGA-CN-A63V-01A",1.31078396159224e-06,1.18307301737882e-06,0.00803877083635399,0.594141807800641,0.00901657773257182,0.00040818003712898,0.000378105851124125,4.25124370274137e-06,1.87874507595625e-06,0.388007933896422
"TCGA-CQ-5325-01A",0.0174604451034031,0.00117021872787862,0.0280871794913291,0.193976230962085,0.135327169024619,0.00155851296556697,0.140132020461952,2.51202905258881e-06,0.00431042872564652,0.477975282508468
"TCGA-CR-7386-01A",6.57515353698676e-07,1.04191905140934e-06,0.00855472849787225,0.634213434780141,0.0595948044190401,0.00104108261692465,0.00151046271658003,6.52736412162529e-07,1.04780892959928e-06,0.295082086989696
"TCGA-CX-A4AQ-01A",0.00734331255348878,0.00684017848723229,0.0475101080318682,0.151871280465804,0.189151043276509,2.42942006678074e-06,1.16918505914374e-05,2.31562570249309e-06,0.0155363668872094,0.581731273401527
"TCGA-QK-A64Z-01A",6.41344323292535e-07,7.02791445427363e-06,0.00751684890712964,0.0991578747135965,0.0111278964276436,0.000779201464061029,1.300378136887e-06,3.21769469463179e-06,0.000133213000424718,0.881272778155535
"TCGA-BB-4225-01A",0.0170490957542613,0.0416952887190954,0.0234115570112451,0.0490294221139754,0.023824199600546,0.000234005335064233,2.84374974205e-06,0.000442473675058887,0.0221831447905844,0.822127969250427
"TCGA-CV-7183-11A",1.41013696869068e-06,8.71044311778501e-06,0.00666533553915782,3.0524208421445e-05,0.00109051000420535,0.00023456019406695,0.000269430371119614,4.41466207486497e-05,0.000811028133966867,0.990844344348227
"TCGA-T2-A6WZ-01A",0.0132197502368203,6.77632597625114e-06,0.0129262697632959,0.0495229473036144,0.0105331955291184,0.000227927699895348,0.00122173591759465,0.000158236470436139,0.000876967906926402,0.911306192846322
"TCGA-HD-8314-01A",0.00117717277919739,6.57080629050216e-05,0.0284066103096317,0.0950252504837188,0.0546588244314155,0.000481301899254704,0.199618643495985,0.0354257961716561,0.000124065315471974,0.585016627050764
"TCGA-CR-6473-01A",0.00279908675042145,0.00526508377269388,0.0384954074532911,0.107926660259485,0.00793988816648027,0.000150935195011497,6.6303091912316e-06,0.00203163763842821,0.00940045938675383,0.825984211068243
"TCGA-CN-A642-01A",2.69376424575615e-06,3.80869753610086e-06,0.0202589131997599,0.14745007209327,0.105386433913219,0.00152935750563639,0.0478882796424865,3.81395487006406e-06,5.93930524962013e-06,0.677470687923727
"TCGA-BB-A6UO-01A",6.62717222255943e-07,4.23988700899091e-06,0.0212028540410678,0.226356449760359,0.00704641941770636,1.19847397723559e-05,6.48741186531556e-06,3.14827295079578e-06,3.19081546742571e-05,0.745335845597373
"TCGA-DQ-7591-01A",0.00806424011274657,0.0136035528402229,0.0211460406770034,0.0243354639227106,0.0498673794744747,7.79794706778977e-05,0.0023559251734832,6.69852884547206e-06,0.0383014675477027,0.842241252252132
"TCGA-CR-7398-01A",4.32379689551278e-06,1.90684151851071e-06,0.0149133826881561,0.264418482930204,0.0147547873537695,0.00524634935525729,0.000863595416039299,1.12014397245545e-06,1.59935353902502e-05,0.699780057938797
"TCGA-HD-8634-01A",6.48565590309291e-06,6.56461656400179e-05,0.0120837567639299,0.00474030298473329,0.00731261664179398,0.000300239690252002,0.0062551024494672,3.31151983141047e-06,0.000921650961768913,0.96831088716668
"TCGA-CR-7372-01A",0.00011189807186761,1.49004086760111e-06,0.0218249298620633,0.254829335631892,0.00866577694354171,0.00204067949036319,0.012137378063746,1.08718524561657e-06,3.54834553165085e-06,0.700383876364882
"TCGA-HD-8224-01A",9.0056061265812e-07,2.695345489653e-06,0.018852639629013,0.116322823084986,0.00526496510371528,0.000349833279971759,0.409140200789871,0.000621162691260253,0.000987861231634505,0.448456918283445
"TCGA-BA-4074-01A",0.000155990052484117,1.14508786452917e-05,0.0124114542640828,0.329425761001082,0.00831892573514962,0.000141624644079095,0.000717894111511776,8.88555239860951e-06,0.00239868944167969,0.646409324318888
"TCGA-CV-6961-11A",6.14129071973127e-07,3.49929579922535e-06,0.00908280323660308,0.00154369574594602,0.0153476373344877,0.000321897247993072,0.0515736445412668,2.46948203852953e-06,2.12659598140452e-06,0.922121612390812
"TCGA-BB-A5HZ-01A",0.000774947185476717,5.94217092325565e-06,0.0153489169991698,0.0998259409382506,0.0020261480376324,0.000485969911573206,0.00276811418422682,2.40471417936027e-06,0.000147189145736175,0.878614426712832
"TCGA-CQ-5332-01A",0.00063129762288391,6.79729194061395e-06,0.0105910614526412,0.246011588696296,0.0295770252459691,0.000666362827149511,1.74431896052173e-05,1.25230662027189e-06,2.48693879633368e-06,0.712494684428098
"TCGA-CR-7380-01A",0.000680606636159987,1.52008965763173e-06,0.0163508078002166,0.308784324739738,0.0165212727914362,0.00422055979801077,3.75906779134003e-07,4.04874232840072e-05,6.26746456671993e-06,0.653393777350151
"TCGA-CV-6936-01A",0.00555758960630684,5.49475811228272e-06,0.0176643982420356,0.145126798169564,0.0414923048421195,0.0005933101112518,3.72986656882578e-05,1.56921306464021e-06,2.85420049136712e-05,0.789492694386943
"TCGA-MZ-A6I9-01A",0.0181182195970648,5.64773631143776e-06,0.0397653630047952,0.0113770610276981,1.07271792528812e-05,0.000821716515220485,0.00262962082618048,0.0090063485340444,0.000697400321979819,0.917567895257452
"TCGA-QK-AA3J-01A",0.00411957374190019,0.000391340982535291,0.0367912803479182,0.0104888327779665,3.79754835528587e-05,0.000928985607939968,0.00669920667846659,6.58556933816136e-05,0.00973960713342997,0.930737341552909
"TCGA-BA-4077-01B",0.000825057159205664,1.07770446882597e-05,0.0112207718548875,0.0527098104395658,0.110883498711589,0.00181416360979731,0.00404346746129504,5.92720916791321e-06,1.15507342488638e-05,0.818474975775554
"TCGA-CQ-A4C7-01A",1.23429430210351e-06,0.000184713576334744,0.026234183839069,0.391556744078987,0.0205947505117562,9.55193366433029e-06,0.0300603462435692,1.44434083800187e-06,2.11109430163899e-05,0.531335920238463
"TCGA-CV-7422-01A",0.00052050920914195,0.000441163759763679,0.0252501640164984,0.136379620703042,0.021058556485109,0.00039480258507985,0.00690511565847322,1.40472707869286e-06,0.00278708406803224,0.806261578787781
"TCGA-CQ-A4CB-01A",0.000117336972503549,0.00483622091909584,0.0297537269703255,0.395737024491749,0.0315033311216183,0.000380539135044289,9.39930470552662e-07,0.0152187659355585,2.4494781705936e-05,0.522427619741929
"TCGA-F7-7848-01A",0.00643536553335856,1.34660660285495e-05,0.0421683108707023,0.134616092934358,0.0191862730141897,0.000528781097354318,2.38413631527809e-05,0.026276645760308,0.00583615067804423,0.764915072682503
"TCGA-CR-7392-01A",0.0185965497558286,7.03416467250957e-06,0.0410372014782958,0.407719186241749,0.0662080806321865,0.00281249766304728,0.00375447483608612,1.70887043997552e-06,0.00278147012484011,0.457081796232854
"TCGA-CV-7178-11A",0.000241987467270761,3.13270832215315e-06,0.0281187216383181,0.0109930819184826,0.0102696811733363,1.21619974049239e-06,0.00888327461326176,0.437254764012138,5.57181645600227e-06,0.504228568452673
"TCGA-QK-A6VB-01A",5.39728732048396e-06,2.3477747308877e-06,0.00859411261857794,0.156177496006404,0.00139026967194306,1.32918652306645e-05,0.00238580691560539,0.000418806190907429,4.24292211014455e-06,0.83100822874717
"TCGA-CX-7082-01A",2.71281962897973e-06,4.30541841286349e-06,0.0136487582723578,0.117377048288261,0.00470188470833418,0.00019775587036005,0.044086524334508,1.06002320682352e-06,0.00133407185394393,0.818645878410987
"TCGA-CV-7414-01A",6.77085874455305e-07,2.72562513085252e-06,0.0101247715927883,0.245593831775012,0.000115618678309829,0.0010296493079148,0.00966026765239282,9.25048850764545e-07,0.000628811685627854,0.732842721548098
"TCGA-CN-A63W-01A",3.03644395099264e-06,1.74409028682665e-05,0.0121261857330174,0.0367102132124923,0.0160078601103156,0.000351896950894101,0.00615474690823173,0.00448056643931108,0.000698402745774071,0.923449650553144
"TCGA-BA-5557-01A",2.59009638130295e-07,2.97114973105655e-06,0.0126530078304514,0.417571892132451,0.0471811256708247,0.00024267214479216,1.12741919915456e-06,5.4652556950208e-07,0.000288031391020298,0.522058366726323
"TCGA-CV-7435-01A",0.00279584230258526,1.04720794047872e-06,0.010989212236851,0.573117632728473,0.0221301824474527,0.000468567091813295,0.00475538791491454,4.95647002603089e-07,1.76148998793007e-06,0.38573987093298
"TCGA-UF-A7JT-01A",0.00274912781157358,4.90506577272714e-06,0.0210706319108498,0.121657868554328,0.100789555628494,4.52352664164062e-06,0.000353844087872345,9.06755812322995e-07,0.000691160402831251,0.752677476255825
"TCGA-QK-A6IF-01A",0.0249397162872915,0.0232909774559184,0.0454521121680341,0.110894898417385,0.0947387691076221,0.000913500118539837,0.00127816460103321,1.02299669858388e-05,0.0945721442380312,0.603909487639159
"TCGA-QK-A6IJ-01A",5.33140035308354e-05,6.93414364381004e-05,0.00810279251395353,9.09377926659115e-05,0.024778517965733,0.000450877291317711,0.000544358050005729,3.04852983473574e-06,3.22563549402542e-06,0.965903586781026
"TCGA-CV-7248-01A",0.0255859233918146,8.82349135702136e-06,0.0706826544478993,0.181910428527671,0.0249680290834971,0.000335194338087,0.00428423054915735,0.0188814449648255,0.00718796620373051,0.666155305001961
"TCGA-CV-7101-11A",0.000593845138022467,1.63278457129276e-06,0.00812280502081158,1.48547484319872e-06,2.35514440750196e-06,5.42203473655868e-07,0.000164311461280403,0.159410478800071,2.0681836497065e-06,0.83170047578887
"TCGA-H7-A6C4-11A",9.95987345211793e-07,1.00719625074518e-05,0.0101165118421686,0.00563719271681318,0.0142530827380941,0.000271985644924035,0.693960575193217,0.000188694775056527,4.81792214180618e-06,0.275556071217732
"TCGA-CV-6942-01A",0.0155569216100973,1.71928091889773e-05,0.0762344141389555,0.240065303582796,0.106394433486966,0.00267958706363386,3.01334728925848e-05,0.0346521347300133,0.00625269642947984,0.518117182675976
"TCGA-RS-A6TP-01A",0.000137961064761981,0.00100693866206526,0.00419960092976191,0.00549523174242062,0.00823334016897984,0.000104545007426435,0.00053564760549841,2.10764423162514e-06,0.00307930476381389,0.97720532241104
"TCGA-CV-7091-11A",3.88348486795694e-07,4.69909263533338e-07,0.0412133693496866,0.0474772816103309,0.00236237362838965,0.000225820018262079,0.899468800025553,0.00601868053634756,1.06018351658551e-06,0.00323175639016362
"TCGA-D6-A6EM-01A",0.00362140580373527,7.87558689336962e-06,0.0259625620944578,0.0228051815884067,0.0922843695989475,0.000678740062050488,0.250904400835909,1.73843763060722e-06,1.16949564063848e-05,0.603722031035563
"TCGA-CV-7101-01A",0.0205942823346407,1.23299764746056e-05,0.0318641016051783,0.0875134667369804,0.0417359453828661,0.000516397280040829,7.49571965934856e-05,0.0133437960237258,0.000263831188626026,0.804080892274874
"TCGA-CR-7371-01A",0.002209965643105,0.000310205484537574,0.047654025343724,0.211321341947864,0.0260465685689918,0.000944140723272484,0.00110661835236396,0.0860169801735476,0.011627729218113,0.612762424544481
"TCGA-CQ-5329-01A",0.00106462661226542,0.00120880362735094,0.0181849239456672,0.270767676113405,0.106381798540879,0.000933883818312617,0.00880497741775166,1.72408384551034e-06,6.32960881245024e-06,0.592645256231709
"TCGA-H7-8502-01A",1.25976819600994e-06,0.000480978061896925,0.0233183655258159,0.223015452992245,0.0126073171090536,0.000112540526924253,0.000257044311859061,2.33487111537141e-06,0.000146294535260783,0.740058412297633
"TCGA-CN-6989-01A",1.37605123337054e-06,2.53667406404725e-06,0.0239670528580673,0.595995303598601,0.0720017189994927,0.000553717385545773,0.0334614517804345,4.89887046757106e-07,1.48571456916985e-06,0.274014867050945
"TCGA-CN-5360-01A",0.00681879538749727,0.000938502547789141,0.0648571365056795,0.0803108379545521,0.0887572548246134,6.37652308386179e-05,0.064702030719936,0.0947315239666633,0.00900904671129153,0.589811106151139
"TCGA-CV-7097-11A",0.00571026393006918,6.9504406609805e-06,0.0633221922818433,0.101796681848664,0.0264743571977802,0.001076600416789,0.586618018154127,0.163994488146948,2.21457326031116e-05,0.0509783018505143
"TCGA-CV-7429-01A",1.37046800752944e-06,2.46883579250095e-06,0.0593089804723622,0.417445850089396,0.039738481648366,6.01851527276184e-05,0.0187106795784284,1.42607180581451e-06,0.00264328168578246,0.462087275997332
"TCGA-H7-A6C4-01A",0.00185073795945645,0.000994584901474928,0.0106310161894839,0.0425435034251761,0.0199459178117469,0.00244402079581004,0.180826940959996,3.5975715871598e-06,0.00105524560940843,0.73970443477586
"TCGA-BA-5153-01A",0.00871987171994689,0.00117423858079215,0.0432057469780334,0.0926027868056054,0.0279803702966726,0.000493385876848148,0.000398295227824394,0.000308765503026539,0.0226321674519845,0.802484371559266
"TCGA-BB-8596-01A",1.72725640872689e-06,1.01440891455907e-05,0.042171508857197,0.584662288003939,0.0449705732742921,0.000576390112042618,0.00994218080808863,0.0434346692243127,3.48627152920264e-06,0.274227032103044
"TCGA-CR-7369-01A",0.00321737893059265,1.25087829686686e-05,0.0222259843115963,0.166483335131115,0.0180717911231727,0.00219432895718297,0.000306920236701279,3.67748469680248e-06,0.00283666373690839,0.784647411305066
"TCGA-CQ-7071-01A",0.00176319936537748,3.10727690579855e-06,0.00602483378473651,0.14381914899144,0.0586315996391497,0.000299988775229788,1.27803353833545e-06,2.1056532880737e-06,2.41992656883669e-06,0.789452318553766
"TCGA-BA-A6DB-01A",0.00108076550060628,0.00105141559378668,0.0246605570177285,0.116400515025128,0.0848757347970157,0.00330001636535585,0.155589876638351,0.00021166886992054,0.00918274106663557,0.603646709125472
"TCGA-CV-A6K1-01A",0.000191422586475599,5.67341866119174e-06,0.0249256305427342,0.0418189587407355,0.00640993290700126,0.000333934964242668,0.000358234778192213,1.89225898683536e-06,0.00122662527554552,0.924727694527425
"TCGA-MT-A51X-01A",0.000361233074471986,6.14628480769166e-06,0.0096899526028562,0.105777232888586,0.00367931655079817,0.000694356356919033,0.0144917132957667,3.3124000628244e-06,0.000233238775382578,0.865063497770349
"TCGA-4P-AA8J-01A",0.00462332813762669,7.34088924280297e-06,0.0166564385937823,0.538058082705366,0.0352678455932425,0.00129376627073309,0.0401949513976126,1.80368826546058e-06,0.000217658941445589,0.363678783782683
"TCGA-CV-5439-01A",0.000266978499434334,9.29412263840468e-06,0.0125036755019283,0.00870006371157505,0.0565111466762196,0.000380292532014245,3.91756900574378e-05,0.000433933421997444,2.58825495361624e-06,0.921152851589182
"TCGA-BA-A4IF-01A",8.11958508677159e-05,0.000104767899819025,0.0105069205629533,0.117338258456068,0.0038078098161451,7.71105875097347e-06,0.0104165337695452,0.0119524781126045,0.000426654194450159,0.845357670278796
"TCGA-D6-A4Z9-01A",0.00088361981448021,7.50249210641833e-05,0.0146818993668978,0.0916433171381677,0.0131005271427617,0.000679298333131462,0.0163507625667602,1.69406207717921e-06,0.000907906877117743,0.861675949777542
"TCGA-CV-7437-01A",0.000485186767119471,0.000142152202062718,0.0103440862653333,0.0583766633078263,0.00791392202795966,0.000496305342234228,2.35233327373748e-06,3.78955350049013e-06,4.12031827724254e-05,0.922194339017918
"TCGA-CR-6484-01A",0.0077015311372575,0.00176296301389371,0.0210647396824461,0.390781225571114,0.126007219969445,0.000982266602195517,4.57335207252804e-05,1.26693219425163e-06,0.000383240609729061,0.451269812960999
"TCGA-CV-7245-01A",7.32136110900662e-07,3.35332978315699e-06,0.0107862164243858,0.194057359934553,0.00651387445409315,0.00100333160663997,6.00199659401866e-06,1.09349410308344e-06,0.00113941583701175,0.786488620786725
"TCGA-CQ-5327-01A",0.000378714322717462,1.02964763932224e-05,0.0181373051508761,0.0446894309259117,0.102096910083071,0.000441284303238562,0.0209584635569173,2.56650561834277e-06,4.3482563995487e-06,0.813280680418856
"TCGA-DQ-7588-01A",1.89035902899427e-06,6.65128049950295e-06,0.00284172317286068,0.0050250900726553,2.57061107813132e-06,8.55075740545736e-05,6.58680829954896e-05,2.69753100751326e-06,2.39291133588589e-05,0.991944072202461
"TCGA-CR-7373-01A",0.00564634804231388,3.24596509092641e-05,0.0309175877804134,0.072887755187094,0.088629381837167,0.000360384412101898,1.8126474057918e-05,1.49948306088696e-06,0.0041115571756456,0.797394899957236
"TCGA-CX-7085-01A",0.0139233058769191,5.33299246442049e-06,0.0320358128605461,0.428746134144632,0.0776489705255448,0.00118602791911994,0.0466797855014896,1.11143971520901e-06,0.00261028397089336,0.397163234768675
"TCGA-F7-A50J-01A",0.000384883767678061,3.50861545481531e-05,0.0076866868975655,0.0724602054147698,0.013695793275729,0.000542988797602741,0.00184243281467205,1.76990390659987e-05,0.00294690291387846,0.90038732092449
"TCGA-CQ-6228-01A",0.00150804295903496,0.00994944725043647,0.0203951952067914,0.184390249210106,0.0111180157828212,0.000319125575635932,7.77102506181696e-06,3.30065800545765e-06,0.00137787747311948,0.770930974858987
"TCGA-CQ-6222-01A",1.87652013783535e-06,2.54299093202285e-06,0.0146730931566465,0.0147767357233834,0.0859421537680485,8.81238319242485e-06,0.51665037493973,1.59577553868082e-06,2.43510949270835e-06,0.367940379632898
"TCGA-IQ-7630-01A",4.15145519876082e-07,1.41280692880471e-05,0.00456739487428857,0.187197813146327,0.0232570943386909,0.000201925470743247,0.00029490921707545,1.39968447757245e-06,0.000399495205319055,0.784065424848271
"TCGA-CV-7103-11A",1.78129632414175e-06,3.76382050789525e-05,0.030255385955651,0.00737542467607971,0.0239658479247706,0.000502092026661525,0.0772403691464695,0.000446402542252894,9.55018704693062e-05,0.860079556356242
"TCGA-D6-A6EP-01A",0.00354006720196029,8.70353951319632e-07,0.0165248842207667,0.685954878803051,0.00516671585085687,7.17326496589883e-05,1.60751080107034e-06,9.17901076573926e-07,1.20773056676086e-06,0.288737117777311
"TCGA-CV-7250-11A",0.000269410912435754,4.05120755784825e-06,0.00830811261263449,1.20642620433373e-06,0.0293959994628373,0.000304329121757625,0.568641672204804,6.53532580666517e-06,0.00232484351446231,0.3907438392115
"TCGA-D6-6825-01A",0.000208729382623137,0.00048030965887785,0.0255688567893055,0.145683012689202,0.0839394557358277,0.00115184628281898,0.0158837373425084,1.30466434670284e-06,0.00249702064165095,0.724585726812839
"TCGA-CV-5432-01A",0.00405437177856191,6.99912166928913e-06,0.0219618948129639,0.0973244803597606,0.0240942556963284,0.00125522604504952,0.00458784160245236,0.0167099704640591,9.71372124286079e-06,0.829995246397912
"TCGA-CN-6013-01A",0.0016629116442621,0.000114572195525463,0.0198812994527438,0.0523862099382435,0.142737720895857,0.000484008000335677,0.0108070761823227,2.30348238072004e-06,7.89908975375965e-06,0.771915999118576
"TCGA-CV-6939-01A",0.00441245905880039,0.00230636210849442,0.0678646072606772,0.135454324176459,0.0563189062288751,0.00152509748131855,0.000158595687417124,0.0498966352219608,0.0178206830201192,0.664242329755878
"TCGA-CR-6477-01A",0.00124965919763429,1.65692042411535e-06,0.0184286861081851,0.320449589559527,0.0356950680112285,0.00147145712464615,0.000963590099953789,9.5847471540159e-07,5.38072667268073e-06,0.621733953777013
"TCGA-WA-A7H4-01A",0.00129175225266118,1.86229211230516e-05,0.0238255464728378,0.367046576247868,0.0212874929701175,0.000228080597408835,0.116029114606472,0.0787646460070994,1.39898266910614e-05,0.391494178097722
"TCGA-CN-5358-01A",0.00966046809351413,3.74723332719415e-06,0.0382272603132497,0.552700320417929,0.0739743249338584,0.00198168193324446,0.0299932962026519,0.00101360542595894,0.00157107328309876,0.290874222163168
"TCGA-CR-7397-01A",4.07521331084874e-07,1.04948528954714e-06,0.012387882137832,0.654071876374487,0.0238960665847951,0.00107544858728425,0.00684367246651521,8.70185500021556e-07,1.51987246958063e-06,0.301721206784496
"TCGA-F7-A61W-01A",1.156763276132e-06,2.17588558990956e-05,0.0108382579651402,0.0242177064048967,0.00634150745947217,0.000144869593422422,0.0213586333165832,9.09411530967639e-06,8.04157062897947e-06,0.937058973955371
"TCGA-BA-5558-01A",0.000193740751079818,1.33160744230546e-05,0.031065184861553,0.0709333652644036,0.0403525117887047,0.0045289381739827,1.22674710213228e-06,1.30559160481415e-06,0.000129411152317586,0.852780999594829
"TCGA-CV-5976-01A",7.18209455739166e-07,3.91868264189415e-06,0.0111978317847308,0.183183854562097,0.0150934385398676,0.000130694170691275,0.0661724375762404,7.23032063994724e-06,4.9774155053113e-06,0.72420489873813
"TCGA-CV-6954-01A",5.03738416554318e-07,8.90680706234773e-07,0.0107705419381412,0.145401367602927,0.135029097737204,3.43954140324082e-06,0.000338726411432013,9.10596988748404e-07,6.97721508410695e-07,0.708453824031272
"TCGA-CR-7395-01A",0.0034405634889537,1.142278337762e-05,0.0242736962897231,0.168300712089189,0.0891770173332589,0.00128002169283944,0.000273242341145621,6.47069094247708e-06,0.00128352800499789,0.711953325285572
"TCGA-CV-7411-01A",0.000642052065258219,4.47371005938034e-06,0.00789265892040714,0.111326958831418,0.00428573441747351,0.000343667651039952,6.47310548188804e-07,1.73491337707672e-06,0.000278403909460959,0.875223668270958
"TCGA-D6-A6EQ-01A",0.000988390843387949,5.64895929845409e-06,0.0147242485862591,0.163896045432067,0.0260987385850208,0.00106771206113559,1.70296228495649e-06,0.00132220875248995,7.0444134224076e-06,0.791888259404634
"TCGA-CV-7095-01A",0.000541163728419083,7.33707148242725e-06,0.0092805178214281,0.0937774426579556,0.0177462774922795,1.50982718078609e-06,0.0268538915922075,2.24698215607212e-06,9.93054297786309e-06,0.851779682283913
"TCGA-CV-A463-01A",0.00131465278033579,2.8643982320445e-05,0.00906930884442471,0.0136895280003511,0.00831080765198649,0.000273725849520635,4.88216087229998e-05,3.01476025604413e-06,0.000878394595886478,0.966383101926195
"TCGA-CN-4722-01A",0.00408936454861147,1.67019190124663e-06,0.041268685253608,0.149454626371363,0.00856287432545441,0.000280145445188744,8.65116904849631e-07,0.0161468997110082,1.22329954760371e-05,0.780182636040484
"TCGA-QK-A8Z7-01A",0.00329513196124375,1.21185670646091e-05,0.0271957031055084,0.136873683309996,0.0171777845797175,0.000737481676941227,0.00240996615405058,0.000174045807117274,0.00196054493350236,0.810163539904859
"TCGA-CV-6961-01A",3.01021573548262e-07,1.97406660745175e-06,0.0233877646944235,0.167853006679998,0.0696812874084769,6.12766278012049e-06,0.207925787647091,1.46472441838449e-06,1.15459396868938e-06,0.531141131500662
"TCGA-CN-5365-01A",1.78171814882235e-06,3.71799858304021e-06,0.00968839014787397,0.0269041324786632,0.0270183947609143,0.000113923061780128,2.36926842530857e-05,3.2727845065684e-05,9.98412045230612e-06,0.936203255184266
"TCGA-CR-5248-01A",0.0291597475726385,0.00124704253728233,0.0254753598610003,0.02997858260019,0.168761322573178,0.000474909979202975,6.08451587810908e-06,2.96643911965103e-06,0.0306267680556917,0.714267215865819
"TCGA-CV-6962-01A",2.10035121586243e-06,5.24572524444158e-06,0.0447872425194599,0.11628092161776,0.00191983812192332,0.000209188129308995,0.00201174410767,1.27493879270574e-05,4.79625162825419e-05,0.834723007523208
"TCGA-D6-6517-01A",0.00518724817670572,1.06770935419758e-05,0.0214506012062673,0.0962572395678227,0.0422949222458041,0.000271347107368857,1.00261594327292e-06,0.01440889354859,1.14660330793644e-05,0.820106602404877
"TCGA-CR-6491-01A",0.00159181880998366,0.000111176952889076,0.0137501033555545,0.0721362448969893,0.000944362763357765,0.000536175395361072,0.000513623288382752,1.42287056512461e-06,0.00156728718385816,0.908847784483059
"TCGA-CV-7242-01A",0.0219585724907053,1.83774431816548e-05,0.0243166259525993,0.0189338485916519,0.0374560905090755,0.002150793713553,0.000480762308030805,0.0778100931293854,0.0138129453300395,0.803061890531778
"TCGA-CV-A45R-01A",9.87553374934509e-05,1.22047065271987e-05,0.0242627025561336,0.140821546213523,0.0245795128265934,0.00133102036600861,0.0360200361020785,2.11816830561436e-06,0.00151270712969991,0.771359396593636
"TCGA-KU-A66T-01A",3.26270836540104e-06,0.000309889656217837,0.00506588197805365,0.015864644686114,0.00137352299158242,7.39186329744167e-05,2.35527115519932e-05,6.93328842361684e-05,0.000169879590519222,0.977046114160385
"TCGA-BB-4223-01A",0.00906799617234423,0.0121042547853899,0.0284530687226263,0.105559179845825,0.03810156718177,0.00043022101563681,0.000397752084550797,1.02475317059817e-05,0.0268744168295806,0.77900129583057
"TCGA-CV-A468-01A",0.00395243426773607,1.49302096733621e-05,0.0127563725306554,0.357508888150073,0.0889243998286344,0.000964604778036118,0.0247997048707956,1.39908982765329e-06,0.0020949866776529,0.508982279596916
"TCGA-D6-6516-01A",0.000578945003088092,5.55485544745932e-06,0.0259806260238927,0.0338318174989918,0.0164163956676026,0.0023237993762577,1.07290007009379e-06,1.51323963699928e-06,0.00224994814991462,0.918610327285098
"TCGA-CQ-6219-01A",1.83182823048149e-05,4.85825715066741e-06,0.0107656349455664,0.243750064733933,0.16758959727406,0.00095646388290133,0.0100550142103619,9.82124186591488e-05,1.84666343996459e-06,0.566759989331623
"TCGA-CR-6467-01A",0.0232212457032184,0.0107555614926851,0.0302760825032345,0.0963335905125711,0.0415298831116924,0.000874175057551911,0.000266593194863465,2.09287452245893e-06,0.0564223971886545,0.740318378361006
"TCGA-CN-A497-01A",0.00440766798880672,1.05637166550022e-05,0.0472171411060365,0.258278673015124,0.0335124627816837,0.00206793634053476,2.33915893359537e-06,0.00178379992623438,0.00334147691117099,0.64937793905482
"TCGA-HD-A6I0-11A",0.00135479017923174,2.9537612434926e-06,0.0719108495899758,0.19031901781934,0.01766115814988,0.00320062110845512,0.382356519462351,0.00175445021947803,0.00303313138564871,0.328406508324396
"TCGA-P3-A5QE-01A",0.000364890622815116,0.0462039311909373,0.0103501521337864,0.0124602008073769,0.0235322802383983,1.55547273827434e-06,2.89022550811575e-06,3.95637256580834e-06,0.0442252302749976,0.862854912660876
"TCGA-CV-7102-01A",4.98447540116281e-07,4.48518841078431e-06,0.0304694961892406,0.332585399813578,0.034106337896728,0.000273930154155748,0.0772417595507285,1.03527041675673e-06,2.32211456839766e-06,0.525314735374633
"TCGA-CV-5443-01A",0.0292226530086795,0.00352727249848682,0.0256820841196632,0.145511335673453,0.0662736245287265,0.000864635788659487,0.000177844517567605,7.8061692134567e-06,0.0189830231274379,0.709749720568113
"TCGA-CR-7377-01A",0.0011582238410726,0.000811028662615066,0.0441026816850088,0.347445691183348,0.08577707145486,0.00279292157997559,0.0501504437003614,1.0908556148584e-06,0.00679881959046161,0.460962027446682
"TCGA-CN-6016-01A",2.5581830822809e-07,3.925553834728e-07,0.00519756107260669,0.653725485291151,0.0213030242947148,0.000243615774897487,0.11863108139174,3.24254816870567e-07,4.82906811045457e-07,0.20089777663957
"TCGA-BA-A6DG-01A",8.59877339801227e-07,1.87011333004919e-06,0.0272167574628171,0.539680104097609,0.0180110668288661,2.80929901786536e-05,0.0413209224343397,1.25010802547211e-06,0.00164649767886242,0.372092578408632
"TCGA-CQ-A4CD-01A",1.03083375392147e-06,0.0698513012509129,0.0135232309821407,0.100049089765025,0.0514950074264043,4.96928753835405e-06,7.50556919472376e-06,2.14555588481989e-06,6.61762514034396e-06,0.765059101704005
"TCGA-F7-A50G-01A",0.00134942824679974,3.34280333139711e-05,0.0134110621868179,0.0721286750816939,0.0454293794632028,0.000973471156999963,0.00211276332305721,0.00142383527509697,5.74051820960381e-05,0.863080552050921
"TCGA-T2-A6X2-01A",1.89477708619327e-06,3.6884180700737e-06,0.00426625783981337,0.165938467183464,0.0381025439911341,4.54125592430256e-05,2.58788357714092e-06,1.59947449067772e-06,4.19334161590215e-06,0.791633354531506
"TCGA-BA-5559-01A",0.00718275434561975,0.0025282735953413,0.0378773863128391,0.22248191147613,0.122988966008213,0.00118292894307736,0.191682993689115,2.01368828245414e-06,0.031476030495138,0.382596741446243
"TCGA-CN-6021-01A",0.00801508839871303,3.44090590654656e-06,0.0473920327747237,0.0313947420192492,0.000291529587905904,0.000248958308511054,1.67796713928636e-06,0.00143104970649465,0.00120999155873096,0.910011488772626
"TCGA-CN-6020-01A",0.000815303067227028,1.28093860873693e-05,0.020648357959776,0.287918495281028,0.0271890001432463,0.000612128815029966,0.00086148126474604,2.70543688836404e-06,0.000274177642957719,0.661665541003013
"TCGA-BA-A6DJ-01A",0.000153532651910729,9.10271426551752e-06,0.00768943914111712,0.0487444679319116,0.0966097863823881,0.00053314886571616,3.1325674239243e-05,1.42908238085833e-06,2.36382806337446e-06,0.846225403728007
"TCGA-BA-A6D8-01A",0.000982041525849291,7.02837538618363e-06,0.0296722286212691,0.132731328108519,0.00293925932806105,0.00176812016293194,4.33050564063701e-05,2.92179121732855e-06,6.7129087980182e-06,0.831847054121562
"TCGA-CR-7376-01A",0.00225489541220054,1.50301892081696e-06,0.0236730062576472,0.728697364761434,0.0935576770222358,0.00173971236790771,0.00821749276929269,0.00585727768739152,0.000755663481212826,0.135245407221757
"TCGA-HD-A633-01A",1.02501591472258e-06,0.000505105492667154,0.0126129685175078,0.140637559037764,0.00787982798240242,0.000226226044847616,1.26165539549653e-06,3.6296071348753e-06,0.000531482338637942,0.837600914307728
"TCGA-BA-6871-01A",0.00126554771960995,0.000269836016536544,0.0649448280910318,0.57218056176174,0.0172624152428476,0.00186810836196377,4.52759684917069e-06,3.97193048785413e-06,0.0185300186655553,0.323670184613378
