"","B-cell","Dendritic","Endothelial","Fibroblast","Macrophage","Mast","myocyte","other","T-cell","tumor"
"TCGA-BB-4224-01A",2.02246837142705e-06,0.000796295032337769,0.00699048009283969,0.0134851326799122,0.0301894260908505,0.000269568738066583,0.00847236028587838,1.244068996384e-06,0.00148423997546317,0.938309230567284
"TCGA-H7-7774-01A",0.000321572389405385,0.00139131480100621,0.00931349229071092,0.00116016945900365,0.0250334730443598,0.000662017600098684,3.53956689736421e-05,0.00246445081192675,0.00267960710490465,0.95693850682961
"TCGA-CV-6943-01A",0.00383916795261636,0.00170328763339913,0.0207399879399685,0.426108793048599,0.129987305389883,0.000890681363943439,0.000438332415771554,4.20776267267709e-07,0.00571895619076932,0.410573067288783
"TCGA-CN-5374-01A",0.00771559316549345,0.00612656536768515,0.0216138551211462,0.0192792850439289,0.0604295548855326,0.000821608989486707,0.0138621327363561,8.080836630693e-06,0.0192103180437047,0.850933005810036
"TCGA-CQ-6227-01A",1.97391580921542e-05,7.02258814109088e-06,0.044929322813204,0.254497300500185,0.019294265377921,0.000583402229057227,0.131053400051627,4.56633389412198e-06,0.00135939466293081,0.548251586284948
"TCGA-CV-6959-01A",0.00119805253618105,8.58583269890792e-06,0.0316877752440648,0.0914880837241218,0.0563057587255624,0.000357489447776353,0.128089930290842,1.47337729091877e-06,0.00123371512368092,0.689629135697781
"TCGA-F7-A61V-01A",0.00081488625336848,5.57454037752495e-05,0.0108100251392619,0.0204620070827399,0.00814334175826673,5.98992267178934e-05,0.0460455923703046,0.0144234861734335,0.00292407305281311,0.896260943539319
"TCGA-CV-7413-01A",1.88122816478519e-05,2.04153707741209e-05,0.00533983119044873,0.269633649589549,0.0463708161863106,0.000167835957767053,4.054888264115e-07,6.58837165529751e-07,0.000931068427928046,0.677516506669582
"TCGA-CV-7247-01A",5.61202785833119e-07,4.66785772942686e-06,0.033860712664507,0.167634467976307,0.00266707385066942,6.34995370805555e-05,0.167214475395647,2.02777281450074e-06,0.00023921060436084,0.628313303138099
"TCGA-CR-5249-01A",0.0100774414628257,0.00929969438820707,0.0272808868752666,0.0532855192109749,0.0837876016037595,0.00151756696085251,5.79049684910363e-07,1.44760256696551e-06,0.0192604233024527,0.795488839543409
"TCGA-CQ-5331-01A",0.000909977502021269,6.80487067098318e-05,0.0310650228142877,0.0495041698967707,0.126044541490872,8.74458816954313e-05,7.62688979193928e-06,1.00521248007268e-06,0.00108972321027752,0.791222438395094
"TCGA-BB-8601-01A",0.00240903707301787,8.00576047300589e-06,0.00834455535699715,0.0064693887800786,0.000302508671317494,0.00114760855885703,2.17624531089515e-06,1.93419823189143e-05,0.000610051476538202,0.980687326095091
"TCGA-CV-A45W-01A",0.0589128329896915,2.4605275130016e-05,0.0528233622020896,0.119887313016987,0.0935448887650461,0.000986639446014388,4.7156633314515e-06,0.00829312050274299,0.010919653171031,0.654602868967936
"TCGA-CQ-7063-01A",2.96556927628197e-06,3.3847695148706e-05,0.0143499092231207,0.023553080035459,0.124277585372951,0.000799278972042824,7.28618316443807e-05,4.94704693241e-06,0.000388243565108571,0.836517280688317
"TCGA-CN-5373-01A",3.21402716230138e-05,4.23732404272199e-05,0.0111190705468286,0.249200735449517,0.0464048947943995,0.000556733512954593,0.00222060358805805,1.3478685241987e-06,0.00276440277424208,0.687657697953425
"TCGA-CV-A45T-01A",0.00568323197057177,0.00354144099753698,0.0268555670870887,0.0711768390035175,0.0854583061487184,0.000661528630786846,0.0315653739995638,0.00123012674872808,0.0202885244511729,0.753539060962315
"TCGA-HD-A4C1-01A",0.00105330973538278,1.49347526356875e-05,0.0149280558456762,0.127013328496428,0.0148390270072757,9.87594320396122e-07,7.478552058537e-07,1.33754466565199e-06,0.00208863786727701,0.840059633301132
"TCGA-CV-7438-11A",0.00220087445530634,0.00168826135748118,0.0111280660052868,0.0115527039313397,0.0418450753079471,0.000528317326590557,0.00779893320533982,0.00205378032603768,0.00515593706481815,0.916048051019853
"TCGA-CV-5444-01A",1.86769641632373e-06,1.89830003931269e-06,0.0177250157559511,0.571005139178635,0.103898905491374,0.000197282948850292,0.0555935449114626,6.52485877954226e-07,1.47086716376515e-06,0.251574222364229
"TCGA-BA-5556-01A",0.00151220816918681,0.00402774095005695,0.0254989338449541,0.0603818439407928,0.135960478095536,0.000398889983664026,6.58234963041601e-07,7.59838980617581e-05,0.00609886043472721,0.766044402448058
"TCGA-P3-A6SX-01A",5.00991997290296e-06,1.49499373304456e-06,0.00970582748625797,0.141627853929549,1.03719031791759e-05,0.000255898074875381,0.0293549045982383,1.06026236877412e-06,0.001057991071353,0.817979587760472
"TCGA-CV-7242-11A",0.000166625839086543,0.000314105327132025,0.0163452050113697,0.0186958805693391,0.0425448149288883,0.000336050553555345,0.000605880029832345,2.0076612021785e-05,0.00129323336857163,0.919678127760203
"TCGA-DQ-7592-01A",2.43108031382015e-05,0.00188980685588148,0.0112647534127129,0.166573513344088,0.023316046151068,0.000371400614632258,0.0296979124575294,2.84298020685518e-06,0.00330110334257257,0.763558310038171
"TCGA-CV-6937-01A",1.89572536733903e-06,6.87650253296924e-06,0.00805560215301746,0.225140908758538,0.0426674707652232,0.000144745703744066,0.000123491471241244,3.76468356439576e-06,4.53121307036444e-06,0.723850713023701
"TCGA-QK-A8ZB-01A",0.0122054589934746,4.74634793450416e-06,0.0129354016060735,0.167312326064568,0.0155801628807346,0.000629937810146898,7.80396399975971e-07,0.00370839713766177,0.00181102113818051,0.785811767624825
"TCGA-CV-7432-01A",7.13200325125788e-07,6.88086078976999e-06,0.0100332435589357,0.0291204612242234,0.00631813437718302,0.000278509998357152,6.54164302260171e-05,1.14701959108854e-06,0.000409567209375964,0.953765926120993
"TCGA-CV-7089-01A",4.34118406737512e-05,0.000321145811927911,0.0247912786737838,0.0189017030427051,0.0220610207494421,0.00103531330352961,1.13439107445439e-06,1.20951164774917e-06,0.00192663236553031,0.930917150309685
"TCGA-CV-6939-11A",2.82180737136792e-05,3.74282089125834e-07,0.0292469201944516,0.0373656079846635,1.32475360291565e-05,3.21882077132264e-07,0.770286879785028,0.163057109140776,4.87632653142216e-07,8.33488518422759e-07
"TCGA-BA-4075-01A",3.65950684852834e-06,5.00734748252967e-06,0.0117236713276278,0.0608489331078224,0.0363783255387845,0.000138428504721618,0.0100769315520798,5.83337536784916e-06,0.00640169480702388,0.874417514932241
"TCGA-T3-A92M-01A",0.00540366623613713,1.25072553667508e-05,0.00913483152917219,0.402414939448261,0.0872004225096496,0.000268066398516657,4.50496744575608e-07,8.74987754591021e-07,0.00266247388965495,0.492901767248742
"TCGA-BA-4078-01A",1.28378011514513e-06,1.44291189666459e-06,0.0191132510284594,0.523600662497862,0.0417777702890643,0.000538427059601822,4.52789013373173e-07,9.30956552010387e-07,0.0010326566914454,0.413933121995989
"TCGA-CV-7100-01A",8.41496867825855e-07,0.00493101185845325,0.0241767569895902,0.244901097292931,0.0535813896228061,0.000309138141083691,1.08506048426374e-06,2.83589704411512e-06,0.00599658020150389,0.666099263439235
"TCGA-MZ-A7D7-01A",0.000227462706184326,2.93413715572881e-05,0.00213439908072704,0.0120463204343049,0.00324858697710162,0.000436696630205667,8.50501292349598e-06,0.000789238962081133,0.00205701953709452,0.97902242928782
"TCGA-QK-A652-01A",1.59400935785972e-05,0.00172111889078961,0.0194808903294548,0.0868252625713543,0.0323319313906079,0.000749850925869708,0.169916992428827,2.3019312716444e-06,0.00730787586333557,0.68164783557491
"TCGA-CV-6433-01A",0.0043564548792288,0.0463300444895238,0.013821478394475,0.00582731905081965,0.163049036824662,0.000272633065846703,0.000119726115473611,0.000304047689228553,0.0339535141116224,0.731965745379119
"TCGA-CV-7416-01A",3.11933320335173e-07,2.10032870691463e-06,0.0117700898558883,0.393589246203297,0.0359842004650808,0.000202919799116536,3.59053560317402e-07,7.27301870948387e-07,1.47582054439189e-06,0.558448569238614
"TCGA-CV-A6JY-01A",0.00132720131988388,1.49187791788155e-05,0.0137623970161517,0.0124442795871305,0.00314417987054742,0.00125286252943396,0.000317199555410571,0.00197608057083635,0.00180684969358443,0.963954031077842
"TCGA-CR-7399-01A",0.0004337825097935,0.0136041376340021,0.0208047968067517,0.07681522187842,0.17924856202041,2.96769883213346e-05,2.11036308511812e-06,3.26614535706247e-06,0.032842970130358,0.676215475523501
"TCGA-CV-7568-01A",6.04080090680086e-05,2.01816001091472e-06,0.00876386847973397,0.35819596781227,0.0154789193727781,0.000237974832614393,0.0279459523463722,6.02383939782317e-05,0.00207039410188914,0.587184258491285
"TCGA-KU-A66S-01A",0.00149166045709346,0.00115360289395596,0.0647284544309897,0.139904858346806,0.0195582219717055,0.00509719560167123,0.00276520684551486,0.0106074309460276,0.019880210372434,0.734813158133801
"TCGA-QK-A6VC-01A",0.00419702256140214,0.0183201782896948,0.0174613854549061,0.0865588413755576,0.0551694182553623,0.000639409648733994,1.40510024144069e-06,2.00028351182243e-06,0.0123678118455571,0.805282527185033
"TCGA-CN-6998-01A",6.98728162476812e-07,6.05633577970589e-06,0.00601771595453934,0.00362419998257163,0.00558895005550829,3.30431171847799e-05,0.0094621410037929,2.4988516519205e-06,0.00130448227897971,0.973960213691829
"TCGA-CV-6941-01A",0.000415488892512985,2.5613896086232e-06,0.00857928848785821,0.356388939572102,0.0334668199844971,0.00142107744380517,0.000600416268123281,1.08052792098463e-05,0.000216579731400741,0.598898022950882
"TCGA-CN-4727-01A",1.04210418988315e-06,2.58585267188114e-06,0.0229727689377296,0.163749532104277,0.00115682179069504,0.000123098171124452,0.000871314784823988,6.63859112001545e-05,0.00278799243180356,0.808268457911484
"TCGA-BB-A5HY-01A",8.05495907389755e-07,0.00170713777481862,0.0088681288719996,0.192266808741188,0.0193203240748307,3.08513935480263e-05,0.00130281034363736,1.8482740618151e-06,0.00892271740247995,0.767578567627529
"TCGA-CV-7263-01A",0.002166253266444,3.87309438000735e-06,0.0217934247771047,0.318620459779016,0.0672009481994474,0.000674114480933693,0.0479219642201957,1.0163705263226e-06,0.0011995702470021,0.54041837556495
"TCGA-H7-A76A-01A",0.0119677071655462,0.00599615440628655,0.0126834327810321,0.335894177919043,0.19300337127197,0.000826753387141423,8.33713198504888e-07,1.57049619492317e-06,0.0131303680415415,0.426495630818046
"TCGA-CN-4723-01A",0.0138535038147472,2.81208637608429e-06,0.0207620675017836,0.273889860217052,0.0550619883513645,0.000823144731646701,5.76116534108952e-07,0.00339906853332953,0.00354724760681863,0.628659731040348
"TCGA-CN-6997-01A",3.52361915924562e-05,2.06882892986502e-05,0.0172776694529074,0.183298073841375,0.0208685329248366,0.00126739702654043,1.33873197116565e-06,0.000988540802461402,0.000744136485078529,0.775498386253938
"TCGA-CN-5364-01A",3.9682718306235e-07,1.21664126112623e-05,0.0169259790033294,0.150074052601612,0.040934009391115,0.000259959951525972,0.0288030673896399,2.20422138690945e-06,0.000447307538539184,0.762540856663057
"TCGA-CN-A63V-01A",1.8059387450556e-06,9.38476661569977e-07,0.00842674406946753,0.502965819015674,0.0165051877059285,0.000374610070220613,0.000476068158005354,1.48984373473744e-06,5.81514695500263e-06,0.471241521574608
"TCGA-CQ-5325-01A",0.0135832270924268,0.00050626935313794,0.026157855326681,0.168393862074136,0.156688650680155,0.00118409793897705,0.129601145117239,8.78963104126376e-05,0.0112756315003666,0.492521364606468
"TCGA-CR-7386-01A",5.82464607692173e-07,1.21624011477832e-06,0.00950561639725161,0.571478026084594,0.0868481474533486,0.000893051954161337,0.00172939217928739,1.32981842217351e-06,2.43275027761885e-06,0.329540204657935
"TCGA-CX-A4AQ-01A",0.00522082129724939,0.0148469878933627,0.0458392092422616,0.119879633755541,0.248207334248174,1.52984892136784e-06,3.25346608797469e-05,1.31155406052811e-06,0.00837626370414868,0.557594373795402
"TCGA-QK-A64Z-01A",5.36560087016887e-07,0.000173424689323276,0.00879003092490591,0.0818904486283243,0.0126324438205279,0.000696045382327165,9.81031639562024e-07,1.61901515350106e-06,0.00182248459351949,0.893991985354192
"TCGA-BB-4225-01A",0.0136139646300108,0.0487203104967284,0.0243482129292893,0.0525427412951976,0.0825334481806673,0.000139254964975497,1.46884179804503e-05,0.00776883603455027,0.0247786580565066,0.745539884994094
"TCGA-CV-7183-11A",5.47438798918979e-07,1.03238213787107e-05,0.00649569613382447,3.75303055873621e-05,0.00840352969882552,0.000127540145820151,7.54698675591291e-05,0.000128033041699678,0.00108243496455485,0.983638894581951
"TCGA-T2-A6WZ-01A",0.0110716209689681,8.33315040106211e-06,0.0115970346933133,0.0481785316335642,0.0193657563626402,0.000207889011630984,0.00109332911979444,4.84472593845953e-05,0.0019890396574474,0.906440018142856
"TCGA-HD-8314-01A",0.00109391184767873,0.000176865101468673,0.0285130246578919,0.105461540115408,0.101346368384793,0.000423285057741859,0.194950685031605,0.0457495800112987,0.000493486575103957,0.52179125321701
"TCGA-CR-6473-01A",0.00185523667905384,0.00887241331033227,0.0297326149109695,0.0786175349817226,0.00731150437919266,0.000115299927306898,1.5704042507337e-06,0.000744653978760404,0.00668064609923027,0.866068525329181
"TCGA-CN-A642-01A",1.90610656455081e-06,6.72638740259202e-06,0.0190356519191134,0.107550312761725,0.136767005730098,0.00110510610317388,0.0372337833787634,1.07269515159953e-06,5.85928201868335e-06,0.698292575635989
"TCGA-BB-A6UO-01A",5.04214363447184e-07,3.43668838585263e-06,0.0186872748107091,0.196162796807309,0.0120610402430894,1.72903433472197e-05,1.74892489929799e-06,1.96110879820888e-06,0.000903001497246341,0.772160945361852
"TCGA-DQ-7591-01A",0.00427701093083482,0.00803247510824105,0.0128403207822934,0.0123699242776923,0.0358139839616896,4.59994295542722e-05,0.00108017775045346,2.09867194485121e-06,0.019105571741883,0.906432437345413
"TCGA-CR-7398-01A",2.29643113050765e-06,2.38191517205317e-06,0.0122212470584819,0.245593185926015,0.0286015508923045,0.00463102163244128,0.000394063206288712,1.42337413035498e-06,0.0040577302821894,0.704495099281847
"TCGA-HD-8634-01A",1.10206645688184e-05,0.000460220437098347,0.0111409429834711,0.0149184873165258,0.00839367756552943,0.000221415465280403,0.00451896443471445,0.000267507058607824,0.00174102640985289,0.958326737664351
"TCGA-CR-7372-01A",0.000236462224499275,1.71229516359652e-06,0.0241088642893363,0.234907452698283,0.0103908671727629,0.00188801447545102,0.0112728126818168,3.63242420153428e-06,0.00115089075726204,0.716039290981224
"TCGA-HD-8224-01A",9.59056120772805e-07,2.90788516601621e-06,0.0183384747135716,0.111209604158215,0.019425225134847,0.000335143871549142,0.383431405402398,0.00125933939473122,0.000713437999171769,0.46528350238423
"TCGA-BA-4074-01A",0.000123042826962183,1.27982345826286e-06,0.0111996090008793,0.275602524042666,0.0148358737496909,0.000141700932458864,0.00159346621792519,2.14323798787623e-06,0.0110256964728391,0.685474663695132
"TCGA-CV-6961-11A",4.09215072567864e-07,9.6161184944558e-05,0.0102504160314584,0.0151070883775583,0.00659162180876767,0.000235392447258739,0.0412537740412872,2.47249268127543e-05,0.000638783121659359,0.92580162884518
"TCGA-BB-A5HZ-01A",0.000845594512989009,5.05057699378584e-06,0.0160211136426162,0.104501581878218,0.00350352914723561,0.000492195636818377,0.00142495342902667,4.18948399546151e-06,0.00151012905499343,0.871691662637114
"TCGA-CQ-5332-01A",0.000601161806432095,5.04838440980322e-06,0.0116813019832593,0.223882063916641,0.0333771537579232,0.000603812001446356,1.15552004620003e-05,1.38601810847498e-06,2.9258792642841e-05,0.729807258138675
"TCGA-CR-7380-01A",0.000618061419718551,2.32531295786918e-06,0.0171768502740269,0.273096439898573,0.024160127145545,0.00375161732657337,3.23872319736327e-07,0.000122136879243533,0.0010988758894914,0.67997324198155
"TCGA-CV-6936-01A",0.00456735705116953,1.26054397851009e-05,0.0152761628135063,0.12227885882531,0.0738418292345428,0.00048133431056931,5.67192481739222e-05,1.02721303037877e-06,6.87023899947377e-06,0.783477235624913
"TCGA-MZ-A6I9-01A",0.0146267036556696,7.58667083688082e-06,0.0351310541843559,0.00689036210567171,0.00255010509447271,0.000708790332473829,0.0025336358108845,0.00658736483936076,0.00188977832722467,0.929074618979049
"TCGA-QK-AA3J-01A",0.0034363884917479,0.00137475277911327,0.0303711424515346,0.01059905404179,0.0032138406540874,0.00081138099364135,0.00567268110304285,5.71720968959692e-06,0.00946103734326683,0.935054004932086
"TCGA-BA-4077-01B",0.000738610002637538,0.00233942812590618,0.0111998147705146,0.0462176535459878,0.123796919214596,0.00133741062243118,0.0028799339606479,2.20569626053943e-06,0.00202621830683918,0.809461805754179
"TCGA-CQ-A4C7-01A",7.45424149468872e-07,0.00119857153534094,0.0196070021289163,0.290064344172333,0.0196233676567097,2.02697109363453e-05,0.0217036748155981,1.17831752053796e-06,0.000474150611902033,0.647306695626594
"TCGA-CV-7422-01A",0.00046368228784861,0.00178991164990386,0.0236392975484796,0.139057820649816,0.0333087552042636,0.000356264425345554,0.00604714781312416,4.01557674607332e-06,0.00398258792483157,0.791350516919641
"TCGA-CQ-A4CB-01A",0.000116713643946765,0.00296296316683757,0.0264079302340403,0.315424700782651,0.0381906181763614,0.000394700214477173,6.88006300212974e-07,0.0126987468111854,0.00369732061702179,0.600105618347179
"TCGA-F7-7848-01A",0.00530518559978043,0.000578478666082047,0.0375782204299563,0.119369071681602,0.0524321597033978,0.000339700759532731,0.000158474847901317,0.0697600276167848,0.0069579870848698,0.707520693610093
"TCGA-CR-7392-01A",0.0156431111456589,0.000655878714166039,0.0400508484578651,0.362229534122206,0.0863562516181667,0.00231539937616817,0.00328917007155935,1.48672530773148e-06,0.00644572508209184,0.48301259468681
"TCGA-CV-7178-11A",1.7611995239816e-05,2.59864468083709e-06,0.0169646246160501,0.0122250442594777,0.0210525028912021,9.26015748989595e-07,0.00875959788107961,0.648418450164107,4.6853214962228e-06,0.292553958210917
"TCGA-QK-A6VB-01A",1.16837286475475e-06,0.000221513017264408,0.00963317657716687,0.153599999340975,0.0080259876488813,1.08876160228864e-05,0.00153689505650449,0.000332059751755901,0.000167915867337921,0.826470396751226
"TCGA-CX-7082-01A",1.83405481315841e-06,5.1566637301829e-06,0.0153371532846869,0.114494644218793,0.0233770318531354,0.000173319137921568,0.0434567311206542,2.58340239146197e-06,0.00103610547894594,0.802115440784928
"TCGA-CV-7414-01A",4.16319295821733e-07,2.02187706486656e-06,0.0115471178807315,0.239918933716714,0.00432337078934447,0.000940364173505751,0.00984848370445424,7.80992033171443e-07,0.00179151339799697,0.731626997148859
"TCGA-CN-A63W-01A",1.21160459662202e-05,4.35556838835234e-06,0.0117562239469065,0.0311350728264581,0.0130742265234553,0.000291431629052191,0.00352035334718662,0.00306981947040977,0.00180542626740266,0.935330974374774
"TCGA-BA-5557-01A",1.83133322477956e-07,2.63662693550602e-06,0.012528601435176,0.338945453142088,0.0675832183587786,0.000219563134584103,1.01369386958367e-05,6.42611534183118e-07,0.00568253983201086,0.575027024786875
"TCGA-CV-7435-01A",0.00236878109571467,9.6221803272356e-07,0.0106068102110267,0.513129727847131,0.0379853722232595,0.000412162856564365,0.00510738488546135,6.75253040286632e-07,0.000195246333948853,0.43019287707582
"TCGA-UF-A7JT-01A",0.00200632118460719,0.000971972630622982,0.0187278811639928,0.101407235023293,0.133665534990291,4.94555478117129e-06,0.000319943752132218,6.91572140082115e-07,0.00813488939200253,0.734760584736137
"TCGA-QK-A6IF-01A",0.0201002433040895,0.0728236191391556,0.0327913327105269,0.0829568523417707,0.147216175506512,0.000751615281509151,0.00139506121961785,0.000296119514832104,0.057627424724987,0.584041556256999
"TCGA-QK-A6IJ-01A",7.49468444621493e-05,6.50677461098159e-06,0.0080076823157384,0.00177294040700026,0.0329461598386548,0.000353393461979248,0.000417692939709773,1.52652208452703e-06,0.000124343513210973,0.956294807382549
"TCGA-CV-7248-01A",0.0201245313196904,4.90937823842303e-06,0.0643991791964922,0.161365664581599,0.0563969667784097,0.000215059527412652,0.00333655848003776,0.0524758546817913,0.00653696093998012,0.635144315116349
"TCGA-CV-7101-11A",1.31648619646577e-06,4.07861805835504e-07,6.65086652107606e-07,3.14117027643956e-07,3.80650959393779e-07,2.01131373548123e-07,4.97973174134713e-07,0.562435409831303,3.78555717295613e-07,0.43756042830579
"TCGA-H7-A6C4-11A",1.13586961639859e-06,0.000126199952589599,0.0117826605194465,0.0135773838715503,0.0123339287798609,0.000317917045086153,0.688268261188227,5.68180860074661e-05,0.00132354611109449,0.272212148576521
"TCGA-CV-6942-01A",0.0116596609889806,0.00176651176826544,0.0608156509622481,0.188508253713433,0.123176708992601,0.00194422973893413,3.72127181720254e-05,0.0571695073500894,0.0105689285713058,0.544353335195971
"TCGA-RS-A6TP-01A",0.000281794562602751,0.010238456104426,0.00463973678636396,0.00476238810062648,0.01601223067631,8.59670550689693e-05,0.000128082617741691,1.4010893238349e-06,0.00233712020775093,0.961512822799785
"TCGA-CV-7091-11A",3.49133946323531e-07,4.57008497745183e-07,0.0377419245894221,0.0631580202042723,0.00359250785919938,0.000258016267400339,0.887821091457708,0.00670221728591028,1.18153686823893e-06,0.000724234656775428
"TCGA-D6-A6EM-01A",0.00249079717248521,0.000588111692920454,0.0217178063656744,0.0138423774807747,0.103672588715086,0.000484588385436337,0.242561623783941,1.29884542183071e-06,0.000416240840718011,0.614224566717542
"TCGA-CV-7101-01A",0.015965117648737,0.000132316241267088,0.0295836579358244,0.0823186516875667,0.071787481720916,0.000405548096278065,0.000134425173797609,0.0154467057378015,0.000255653204835718,0.783970442552976
"TCGA-CR-7371-01A",0.00176423816305826,0.00442270428769994,0.04350471191241,0.172013518030066,0.0509510720826281,0.000771606570156175,0.00111467026320034,0.106320587450785,0.0109449143094252,0.608191976930571
"TCGA-CQ-5329-01A",0.000802209332507014,6.76176437178047e-06,0.0157777131741182,0.224869494042734,0.116688931626027,0.000651413605592575,0.00705359632838879,1.26872024566651e-06,3.32708149636519e-06,0.634145284324518
"TCGA-H7-8502-01A",9.85600832646714e-07,7.03465721580353e-06,0.0209901634941395,0.181343341637758,0.0194753746926412,0.00010419752440621,0.000235334188460644,2.96249639208055e-06,0.00177702023277373,0.776063585475381
"TCGA-CN-6989-01A",2.03344509319892e-06,4.45967451117366e-06,0.0213770388143608,0.518508669978036,0.10525850255858,0.000444567480623469,0.0292173474568451,6.88660876258643e-07,9.46370244621638e-07,0.325185745560829
"TCGA-CN-5360-01A",0.00475571186018201,0.0028840572183385,0.0451949279812775,0.0698558390335808,0.130695775637336,7.79233199464556e-07,0.0553760315033908,0.293179632159358,0.00637005682496307,0.391687188548374
"TCGA-CV-7097-11A",0.00481442345479359,2.10162046619952e-06,0.0541148839273839,0.124375993741402,0.037765838707849,0.001068329692145,0.566044354632212,0.180329527831838,0.000608048629056478,0.0308764977628543
"TCGA-CV-7429-01A",1.09333860741591e-06,1.39375595755429e-06,0.0477944745181901,0.298697040422838,0.0484723770849291,6.97914462727951e-05,0.0139930703570294,7.76803397082588e-07,0.00733929193966057,0.583630690333118
"TCGA-H7-A6C4-01A",0.00154058694851227,0.0022456382599063,0.0109503054116039,0.0494456928300288,0.0196497379660423,0.00200834558239648,0.157168002134749,0.000220844598185815,0.00347086044710587,0.753299985821469
"TCGA-BA-5153-01A",0.00698185224023827,0.011083020883965,0.0405978394303469,0.0676270298154629,0.0831062171009615,0.000387526560835969,0.000145612154405518,4.37580156794837e-05,0.0211007752520579,0.768926368546047
"TCGA-BB-8596-01A",9.24712096041146e-07,2.08964449311767e-05,0.0354457809060308,0.492044865478246,0.0669051233225935,0.000422928962559694,0.00921282922254922,0.0975113783460518,6.81573461978565e-06,0.298428456870322
"TCGA-CR-7369-01A",0.00270783873371816,4.42569043222548e-05,0.0206275534450563,0.144272458179874,0.021670267604024,0.00193905284703439,0.000314562779311365,5.46961904231496e-06,0.00755891432340006,0.800859625564217
"TCGA-CQ-7071-01A",0.00141496243237852,7.67084048141498e-06,0.00765683319176698,0.123748950035,0.056316743604561,0.000223216383867106,1.08428244960626e-06,2.7766582247224e-06,3.12402410427166e-05,0.810596522330228
"TCGA-BA-A6DB-01A",0.0009572746094855,0.0037234918346191,0.0246617182467703,0.102355446034321,0.0823110097296618,0.00249117604293618,0.141934754005548,0.000271822607659797,0.0136389718690064,0.627654335019992
"TCGA-CV-A6K1-01A",0.000132153902506927,0.00242080441421163,0.0191964837183364,0.0336325621532287,0.0143452241007365,0.000311363649349407,0.00025330476501313,1.00481036116283e-06,0.00552169924643847,0.924185399239818
"TCGA-MT-A51X-01A",0.000405438428919333,1.87949318134914e-06,0.0103283270968611,0.103110194288299,0.00665401459048029,0.000635948310522783,0.0124651062245552,0.000620810487679249,0.00219921358574106,0.863579067493761
"TCGA-4P-AA8J-01A",0.00338916526863712,3.82962002782329e-06,0.0139220962154988,0.438945131577484,0.0540150594211564,0.000993467649348836,0.0323159941205202,9.94121707274382e-07,0.00133127802996992,0.45508298397565
"TCGA-CV-5439-01A",0.00027313906264162,0.000239877943066428,0.0133921323098622,0.0081456676224303,0.0831103705437937,0.000280021318991068,2.01634065258057e-05,3.42485511008817e-06,1.35214801155794e-06,0.894533850789567
"TCGA-BA-A4IF-01A",8.95905100415858e-05,0.000202903291814757,0.00956043565534868,0.0986226195587912,0.0069363225600302,4.032037809662e-05,0.00851435841201216,0.00858821061392244,0.00160761254609676,0.865837626473846
"TCGA-D6-A4Z9-01A",0.000733935559149918,4.62568428057561e-05,0.0150317044876232,0.0864899872750825,0.0191072031307639,0.000600385550719067,0.0128696390441875,1.52136122577107e-06,0.00240888705913324,0.862710479689309
"TCGA-CV-7437-01A",0.000324439105381757,7.5981344601023e-06,0.00874192505069849,0.0487187993010071,0.0143772574870328,0.0003648688185692,1.83372697355164e-06,1.1317480575245e-06,5.43302050977583e-05,0.927407816422722
"TCGA-CR-6484-01A",0.00588499925531222,0.00915554393852043,0.0224285331288814,0.309130212513078,0.176342704887994,0.000749620685335376,2.96560810160037e-06,9.43592955754598e-07,6.60103609333578e-05,0.476238466028889
"TCGA-CV-7245-01A",5.7062500450432e-07,2.43777482668602e-06,0.00885961970875513,0.149850549334253,0.00567659153726006,0.000800097360609004,0.000182156816197789,1.6684107101093e-06,0.00217528124918573,0.832451027183198
"TCGA-CQ-5327-01A",0.00037488343174577,0.000629892245267012,0.0189372896756317,0.0376621390270774,0.126403819266419,0.000337063459756573,0.0153666645469247,1.24910570648818e-06,0.000216609917082207,0.800070389324389
"TCGA-DQ-7588-01A",9.00018132638383e-07,2.18530606578872e-06,0.0020563494688459,0.00305227929638415,1.75555916511537e-06,6.34449306326598e-05,4.94434735495064e-05,2.2917515315339e-06,9.40726024731913e-05,0.99467727759322
"TCGA-CR-7373-01A",0.00381774116097254,0.000763984095619467,0.0246283331712993,0.051759233973229,0.0921322200316109,0.000251934986874563,1.03547112307521e-05,1.89472646002448e-06,0.0102859342043062,0.816348368938397
"TCGA-CX-7085-01A",0.01117767044189,0.00158219482958323,0.0323687918886596,0.373152605957516,0.0933914314608142,0.0010101642834291,0.0411851219647325,9.44489234264142e-07,0.00917059318410159,0.436960481500039
"TCGA-F7-A50J-01A",0.000377837491329608,0.00159570662878607,0.00817678021534734,0.0697758088993295,0.0143335751868211,0.000419857906772147,0.00131962292705483,2.98853565058665e-06,0.00500072450085265,0.898997097708056
"TCGA-CQ-6228-01A",0.00122181769743077,0.000118004538692716,0.017777446091492,0.154917828197555,0.0207324926092076,0.000277810922634823,3.3149020586182e-05,2.49805263900476e-06,0.00276854018663335,0.802150412683128
"TCGA-CQ-6222-01A",0.000103850567530918,1.33045002825074e-05,0.0155778975820206,0.0215571688275914,0.106825051115724,1.92332863379346e-05,0.456406996631307,0.000150714124827398,0.000434343949059986,0.398911439415319
"TCGA-IQ-7630-01A",3.68657021474078e-07,1.52636166406279e-05,0.00342772062704424,0.147515886216025,0.0355934770881689,0.000167106963244755,0.000201741030766277,9.54610572266793e-07,0.00257223140986896,0.810505249780647
"TCGA-CV-7103-11A",1.66427101837458e-06,0.000637551577573835,0.0259156743566262,0.0163288755893589,0.0165807706065842,0.000475387331931428,0.0697063517152814,0.00158762578484504,0.00233738468972066,0.86642871407706
"TCGA-D6-A6EP-01A",0.00387275003370604,1.09425625388479e-06,0.0236496071715814,0.676348137969643,0.0125471507531617,5.18987759567951e-05,3.97631104714746e-06,7.83258173235223e-07,3.09095519069399e-06,0.283521510515287
"TCGA-CV-7250-11A",0.000272909569860198,0.000471208547934741,0.0105067504615552,0.000628563747242384,0.0390733313711821,0.000242745960329333,0.526721400893897,1.49265508458462e-06,0.00332309638779812,0.418758500405116
"TCGA-D6-6825-01A",0.000285782519167459,0.00206250958806037,0.0266652241685991,0.128913745040005,0.100909423048196,0.00100064568678774,0.0140120194441968,1.5693413034311e-06,0.00860970570578157,0.717539375457903
"TCGA-CV-5432-01A",0.00287419176790507,4.9996124666958e-06,0.0167384736405599,0.0635303075605775,0.0248913281768268,0.000905899884453661,0.00403185513935067,0.0171346088283996,0.000148600920905718,0.869739734468554
"TCGA-CN-6013-01A",0.00124935526825615,0.00655496997773587,0.0184981282386754,0.0431100599052581,0.216006309549316,0.000347693869079751,0.00952554579691068,2.32343169573416e-06,5.56546743070939e-06,0.704700048495642
"TCGA-CV-6939-01A",0.00380037492387574,0.0112099281317101,0.0645353154527337,0.128303596801777,0.114362871568795,0.00133596981411015,9.99504334973105e-05,0.0553890261881052,0.0115385501556968,0.609424416529699
"TCGA-CR-6477-01A",0.00105449746928517,9.90897562883977e-06,0.0176570951553903,0.263191432164943,0.0512716572741565,0.00118933723925008,0.000875384138554822,5.42495212463081e-06,0.0020353647279014,0.662709897902765
"TCGA-WA-A7H4-01A",0.00125057853397898,4.88113078955569e-05,0.0244477897264031,0.335282141065057,0.0253052432836208,0.00037205568120959,0.109314819282722,0.0697661011375247,0.00234880286410329,0.431863657117485
"TCGA-CN-5358-01A",0.00844301032354818,0.000291996702453515,0.0382132905785373,0.503722581313673,0.110794046689973,0.00178682192233219,0.0283822149758788,0.000882953589211853,0.00736119669438455,0.300121887210008
"TCGA-CR-7397-01A",3.10569025081582e-07,1.03379909940375e-06,0.0128741407956493,0.580141933711863,0.0342554920216328,0.00088484792340436,0.00577541779489575,7.91582011017242e-07,3.17356358504225e-06,0.366062858238834
"TCGA-F7-A61W-01A",8.99605537875182e-07,9.8866664528136e-06,0.00983905148175081,0.0277700189376718,0.00667350054722934,0.000121685914172334,0.0182927780731939,7.71877791603962e-06,0.000126607732807092,0.937157852263268
"TCGA-BA-5558-01A",0.000277462754330399,6.82119322336278e-05,0.028967209308378,0.0651759725614528,0.0444599899138454,0.00354749883688027,8.11080906947542e-07,2.24406837184146e-06,0.00287500375935457,0.854625595784246
"TCGA-CV-5976-01A",7.21861320981253e-07,2.13907524162019e-06,0.00929876347981114,0.141768349995528,0.0172404163094691,0.000111240384025577,0.0574727205306085,2.12672347974007e-06,1.4565615301445e-05,0.774088956025214
"TCGA-CV-6954-01A",3.71769389614745e-07,1.65508928377688e-06,0.011862838674609,0.143607876952038,0.146176301776952,1.89219551553259e-06,0.000312330189821407,7.42807357508653e-07,6.12007635926907e-07,0.698035378537397
"TCGA-CR-7395-01A",0.00259731399092733,0.00232193486328943,0.0233990242750541,0.144656996752231,0.109397762793728,0.000937913582472724,0.000286167940183545,1.83907792442565e-05,0.00461009436495839,0.711774400657911
"TCGA-CV-7411-01A",0.000566437383969872,3.03372889526034e-06,0.00917913136222893,0.102862100397746,0.00514844431189693,0.000267065784683294,6.44539665208891e-07,4.57781258735087e-06,0.00178556465457023,0.880183000023757
"TCGA-D6-A6EQ-01A",0.000742499181091266,7.84878559471127e-06,0.0126451699765053,0.127528358585961,0.0337230233477943,0.00086082864750074,1.26601425611697e-06,0.000435876809386278,0.0011417409584343,0.822913387693476
"TCGA-CV-7095-01A",0.000441003912037301,0.000131828224221125,0.00811705983915006,0.0723539282924645,0.0205349980119283,1.53422520305296e-06,0.0234078456010191,1.9498212797347e-06,0.0012734908735861,0.873736361199111
"TCGA-CV-A463-01A",0.00111275110228098,0.000340218653542868,0.0091425182811661,0.0162048836986641,0.00643763945608245,0.000228525255787979,3.82082939791474e-05,1.59601127842158e-06,0.00270729614061373,0.963786363106604
"TCGA-CN-4722-01A",0.00331095373588052,1.41575149104852e-06,0.0353522339527373,0.156805406230981,0.00582308669972072,0.000286013298141314,4.9662219623254e-07,0.0109502968691985,0.00184117390772087,0.785628922931933
"TCGA-QK-A8Z7-01A",0.00303196986800258,1.22914280039028e-05,0.0280047441802488,0.130659050752743,0.0281343684657867,0.000726599748159494,0.00141897517694857,0.000247322383147784,0.00375737889266795,0.804007299104291
"TCGA-CV-6961-01A",2.30635478641719e-07,1.17234051731439e-06,0.0202758944834708,0.150559044101316,0.061771727657902,1.75356879196642e-05,0.174105127345111,1.04284616430056e-06,7.88908990517445e-07,0.59326743599313
"TCGA-CN-5365-01A",3.40741768652933e-06,6.1346911769238e-06,0.00853400709104535,0.0218199675439785,0.0363914027444409,8.98400381294677e-05,2.37599996239744e-05,2.17875336425494e-06,0.00114609189649436,0.93198320982406
"TCGA-CR-5248-01A",0.021675853875717,0.000792984923869192,0.0225818854773258,0.0213154025783441,0.229951009655281,0.000334175903276958,1.10352330523302e-05,0.000462199637339059,0.0589469959748926,0.643928456740901
"TCGA-CV-6962-01A",1.35209651407103e-06,2.34137766694449e-06,0.0362169345367001,0.098271145091465,0.0056914634187512,0.000194012852047381,0.00155900437496845,8.49554136516841e-06,0.000447690346821221,0.857607560363701
"TCGA-D6-6517-01A",0.00329491981607392,0.000428104011988611,0.0159743900954444,0.0681076703403347,0.0478325261357703,0.000193911924168691,6.63387521826823e-07,0.0150958182200063,0.00108849199770971,0.847983504070981
"TCGA-CR-6491-01A",0.00115666643638591,1.00081614858344e-05,0.0105650214202576,0.0550382875320009,0.0027212282649016,0.000412354135434151,0.000470460333376164,8.62468141797273e-06,0.00234923995655962,0.92726810907818
"TCGA-CV-7242-01A",0.0181767673855426,0.00430450926225402,0.0236686549371761,0.0182325047827492,0.0624865380398256,0.00192309680440819,8.33669648660464e-05,0.0744322727398957,0.0140293717136056,0.782662917369677
"TCGA-CV-A45R-01A",0.000271238981696883,0.00143920652077832,0.0226432405352073,0.143891021941048,0.0291652648130268,0.00113634750948483,0.0317666075383769,2.08640460792253e-06,0.00463558345216289,0.76504940230361
"TCGA-KU-A66T-01A",1.89960414037938e-06,1.7906992201064e-05,0.0034371046435782,0.0154055004187728,0.000926581538983147,6.64461336634344e-05,2.13416498328878e-05,1.31295752729991e-05,0.00396132227900924,0.976148767164546
"TCGA-BB-4223-01A",0.00777556158346114,0.00828076767880953,0.0279567226433918,0.10680442761869,0.0834845229854407,0.000372102532876923,0.00031783675468815,2.46573576039703e-05,0.0306734285073698,0.734309972337667
"TCGA-CV-A468-01A",0.00310506700276378,0.000786164253330999,0.0143487803009184,0.281643644304326,0.0915839003304614,0.000745377357805362,0.0226890500958194,4.67621452163128e-06,0.0132712121620371,0.571822127978016
"TCGA-D6-6516-01A",0.00055755802880482,0.0009115520812337,0.0227064852142169,0.037021476493172,0.0222051034927907,0.00175920213505193,6.62390650812023e-07,1.68955289996741e-06,0.00385358700199699,0.910982683609182
"TCGA-CQ-6219-01A",5.5137664941421e-05,7.46043536807314e-06,0.0119249319141837,0.189758941929233,0.200392566402416,0.000722816714462568,0.00974977495482111,2.30572033781393e-06,3.31121083656825e-06,0.5873827530534
"TCGA-CR-6467-01A",0.0200499645860156,0.0185740758745547,0.0318044275093023,0.0851718026632417,0.0955916586438417,0.000730093206279527,0.000175122927428028,0.00100065133281493,0.061114811859086,0.685787391397435
"TCGA-CN-A497-01A",0.00363055742978248,0.000702719531311715,0.0438136754276987,0.209562036050871,0.0469872711414305,0.00171646292055401,5.90383540466594e-06,0.000918287895929834,0.00426147098507825,0.688401614781939
"TCGA-HD-A6I0-11A",0.00121172602513076,1.8391662235021e-06,0.0718667272817222,0.184324528382668,0.0312311213651036,0.00324912551097462,0.328580065609431,0.000279835949020309,0.00659234576378882,0.372662684945937
"TCGA-P3-A5QE-01A",0.000486476441788838,0.0697040530338865,0.0127968921302446,0.0119289630411867,0.0574058189081557,1.18433708416076e-06,2.26697734321798e-05,5.93350822548186e-06,0.037912258635043,0.809735750190953
"TCGA-CV-7102-01A",4.93543488239518e-07,1.26210056734196e-06,0.0245439754364003,0.264259832120522,0.0431335094707017,0.000231026565700522,0.0620296090829471,6.78055205649928e-07,2.14359759594327e-05,0.605778177648507
"TCGA-CV-5443-01A",0.0222935188159118,0.00380204419070659,0.0232655391039656,0.11571906554611,0.142178679827632,0.000618515807027901,0.000104528372849012,0.00300982812536217,0.0149176804841112,0.674090599726324
"TCGA-CR-7377-01A",0.000910629722289671,0.00104173234646794,0.040141285688589,0.297309622572525,0.112190003847337,0.00216908143851521,0.0465765256713659,1.18873954663294e-06,0.00954625262293839,0.490113677350425
"TCGA-CN-6016-01A",3.02108740450642e-07,4.63364929338406e-07,0.00643930145270033,0.608218068098361,0.0357233361985034,0.000225440647048091,0.124667509818835,5.08404309864958e-07,5.63614097026537e-07,0.224724506292476
"TCGA-BA-A6DG-01A",5.47970281241215e-07,1.34828407214997e-06,0.0221623076115169,0.443115849781903,0.0232032948454697,4.66126934560099e-05,0.0304042045381217,5.30167419294703e-07,0.00358684736799506,0.477478456739765
"TCGA-CQ-A4CD-01A",6.51657722650736e-07,0.0445191927442196,0.0115923365497053,0.0591060621254718,0.0592081388583891,1.2999022053644e-06,1.23711401925005e-05,1.3467385427769e-06,4.87104563548797e-06,0.825553729237915
"TCGA-F7-A50G-01A",0.0012080731791338,0.00196230408116507,0.0145055404092365,0.0674279242516372,0.043844869361511,0.000789082814392246,0.00182529718842243,0.0078599164141666,0.00431494937851518,0.85626204292182
"TCGA-T2-A6X2-01A",2.39830340601043e-06,3.66707596908955e-06,0.00552069140780045,0.141601933515796,0.0470045717395434,3.21724727559141e-05,2.28655710324602e-06,1.70544753165625e-06,5.25054164725057e-05,0.805778068063622
"TCGA-BA-5559-01A",0.00565537825802104,0.00681248080320918,0.0322477010959023,0.182869803770386,0.217882756697677,0.000892146122941851,0.177236149002459,0.00257972610578461,0.0227749481334253,0.351048910010195
"TCGA-CN-6021-01A",0.00650473784256613,2.88867199539489e-06,0.0415918270149989,0.0285714615292613,0.0118065014863428,0.000215945725787035,1.39502557748536e-06,0.00180482787918261,0.00192959128959564,0.907570823534693
"TCGA-CN-6020-01A",0.000741233428665145,0.00081633423082519,0.0192322800565423,0.23952164605927,0.0363489604470842,0.000531862898381648,0.000849966856255149,1.54899041950243e-06,0.00170479861901925,0.700251368413538
"TCGA-BA-A6DJ-01A",0.000169733505730513,0.000948244314366664,0.00739036701345838,0.0382633668474312,0.112247943395767,0.000376217991896977,2.79253457489788e-05,1.30904660800328e-06,8.88109309799347e-06,0.840566011445895
"TCGA-BA-A6D8-01A",0.000957645780619877,4.11852703285216e-06,0.0264803988218862,0.12468371378991,0.0152401000162807,0.0016210187911231,0.000214888735087438,1.75171115268686e-06,2.09091064136844e-05,0.830775454720494
"TCGA-CR-7376-01A",0.00188406994680246,5.99872812319841e-06,0.0222687583366467,0.656200193044915,0.144554687131437,0.00152255327117375,0.00789879996682261,0.0070745303568913,0.00754787281845358,0.151042536398734
"TCGA-HD-A633-01A",5.83421543569209e-07,4.65386419829507e-06,0.00909785403812513,0.0953416804975357,0.0114410816204252,0.000170572697900556,1.1068387947006e-06,2.11865004369575e-05,0.000799815051940892,0.883121465469099
"TCGA-BA-6871-01A",0.000615241298997093,1.75642929342386e-06,0.0374086147846661,0.377737647198925,0.00794001761626033,0.00128397478172939,3.53078477090725e-07,6.85680920911709e-07,0.00973564483591311,0.565276064294817
"TCGA-CR-6488-01A",5.77132085874432e-07,3.65945485719086e-06,0.0286172630535178,0.210028608669746,0.0694657417342432,0.00259814955127265,0.064402641143538,9.42804163365069e-07,0.00558422109970533,0.619298195356871
