"","B-cell","Dendritic","Endothelial","Fibroblast","Macrophage","Mast","myocyte","other","T-cell","tumor"
"TCGA-BB-4224-01A",2.09109768899451e-07,7.42694613301562e-07,0.0193838035459228,0.00742758225620421,0.0071071583032483,0.000109136758452419,0.00269720643436983,4.70841717836385e-06,0.0118267061365452,0.951442746343697
"TCGA-H7-7774-01A",3.53443722974077e-05,1.55791289092695e-06,0.0093299948539815,6.74184848433059e-05,0.00876023866561543,0.000380720054613156,6.71591835329345e-06,0.0046897944358911,0.011431583430231,0.965296631871283
"TCGA-CV-6943-01A",0.00135086782816841,0.000524289750403611,0.055320947363434,0.300522172328618,0.0629289026875194,0.000838340879868328,0.000325865612775607,5.9671564748126e-06,0.042840358447072,0.535342287945666
"TCGA-CN-5374-01A",0.00143556401394713,0.00273988651420786,0.0564502118886343,0.018560907560701,0.0111828174265636,0.000203831950877513,0.00590228995384934,0.00763292901135525,0.074960435108883,0.820931126570981
"TCGA-CQ-6227-01A",1.76243932115739e-07,3.59807730021146e-07,0.097046482758636,0.176718149646927,0.00696796313599637,0.000110242422125326,0.0612576945811538,9.76042527383346e-07,0.00715671119224264,0.650741244168729
"TCGA-CV-6959-01A",0.000240405027340569,6.01086328778776e-07,0.0943247314359901,0.0568401712734727,0.0188360036812295,0.000120712156639196,0.0560586176461756,5.04347068042859e-07,0.0189001523725694,0.754678100973186
"TCGA-F7-A61V-01A",9.44304720388789e-05,9.042721377808e-07,0.016524149927993,0.00822989716161656,0.00284564230954047,3.80609546535044e-07,0.0190294847204004,0.0454306271509571,0.00739738191180066,0.900447101463969
"TCGA-CV-7413-01A",5.4627816908101e-07,4.15153199946597e-07,0.0243157162836848,0.16969049123775,0.0211035827551445,3.44076270349712e-05,1.09343889918892e-07,3.05346492876478e-07,0.011921214672937,0.772933211301697
"TCGA-CV-7247-01A",8.55448697970556e-08,3.03091943919514e-07,0.0569639427024973,0.0777820858948039,0.00107973801363775,1.70464883046628e-07,0.0665265005593604,2.70052991504684e-07,0.00218954586643412,0.795457357808578
"TCGA-CR-5249-01A",0.00228802206616775,0.00289538168798095,0.0748477593766855,0.0398269162302368,0.0168817255691513,0.000501489961784772,2.24741337571461e-07,0.0116623700061202,0.083029119579097,0.768066990781438
"TCGA-CQ-5331-01A",0.000183117926514448,2.51987854838509e-05,0.0664450063977046,0.0283984810533478,0.0430057499332908,5.88997951993796e-06,1.75985645376265e-07,1.67383924432104e-07,0.0385176008472536,0.823418611707315
"TCGA-BB-8601-01A",0.000355640497273902,6.15720627777461e-07,0.0134338841730209,0.00319383148634108,8.03323919520467e-05,0.000368748756825849,3.16228934324383e-07,1.54021846707166e-06,0.00138363876646016,0.981181451760097
"TCGA-CV-A45W-01A",0.0146706378625803,0.000286461925423782,0.0812908641084651,0.0743106914851126,0.0453378978356944,0.000270030864004535,1.24822782723604e-05,0.00187617217323771,0.0477240472573458,0.734220714209863
"TCGA-CQ-7063-01A",2.10799427782709e-07,5.48988987884482e-05,0.0530064276121545,0.013009013241221,0.0449279937642425,0.000355030527426983,2.94830923517119e-05,6.98478722896663e-07,0.0377047124806389,0.850911531105025
"TCGA-CN-5373-01A",6.30464740341888e-07,3.63659208642273e-07,0.0325494454047733,0.15371543257273,0.0224002896292531,0.000327217884668882,0.00141265407285912,3.36426796181352e-07,0.0188462352075195,0.770747394677451
"TCGA-CV-A45T-01A",0.00156257659066922,0.00122712837351761,0.0527509121490451,0.0460711264114362,0.0342878271625908,0.000466562789856469,0.0137923394377983,0.000163777772428998,0.0624663420461862,0.787211407266471
"TCGA-HD-A4C1-01A",0.000186451150614727,6.63813109237122e-07,0.0483219734986135,0.0617992574560056,0.00318927724086357,1.6276208620243e-07,2.38356048360863e-07,9.57415484027621e-07,0.010964315271411,0.875536703035764
"TCGA-CV-7438-11A",0.000463443550369197,8.19823574452063e-06,0.0139690540672098,0.00789019468821872,0.00689877470350926,0.000272780174975094,0.00299232698637153,0.0439971969344285,0.0229118615147478,0.900596169144426
"TCGA-CV-5444-01A",2.22275611244426e-07,9.0831409642927e-07,0.0569800094858935,0.389691705541619,0.0519202789894399,1.16799673728147e-05,0.0347376475861647,2.02110358219539e-07,0.0158020904129778,0.450855255316466
"TCGA-BA-5556-01A",0.000297206822998702,0.000956557325594476,0.0713111750513343,0.0324841524720637,0.0371945883473402,0.000145798180824907,1.11555887358209e-07,8.30933809016972e-05,0.0565770547368215,0.800950262126233
"TCGA-P3-A6SX-01A",2.44212458784467e-07,2.30312994894224e-07,0.0312491603464112,0.0672902750306931,0.000201329844249882,7.8437504791087e-06,0.0111060239180732,2.3934176342237e-07,0.0030745102317118,0.887070143011165
"TCGA-CV-7242-11A",4.39713291721905e-07,5.67871470085531e-07,0.0189390086183193,0.00797598885815302,0.00764235228983621,6.70736552067783e-05,1.83491294004953e-05,0.0584336522899237,0.0106403246331921,0.896282242941207
"TCGA-DQ-7592-01A",2.02146942044655e-07,5.17115886183932e-07,0.048464390133743,0.0932140645890237,0.00867224216754186,4.30751377376264e-05,0.0126558319414017,1.76222302385795e-07,0.0190649909441029,0.817884509601319
"TCGA-CV-6937-01A",2.52023768779752e-07,1.04298798162639e-06,0.0379173973781049,0.10828631631304,0.0135291264706667,1.30293021716993e-06,0.000141804381624587,7.42204924780122e-06,0.00891762685117584,0.831197708614173
"TCGA-QK-A8ZB-01A",0.0029938411258953,3.59083942356139e-07,0.0410659975367802,0.111310417596365,0.00508762593875506,0.000216163132620298,3.40687806500679e-07,0.00283939826503341,0.0124031993116054,0.824082657321197
"TCGA-CV-7432-01A",1.38426207017955e-07,4.22484517714522e-07,0.0276626441027411,0.0115938555109883,0.00353947030828008,7.16261175641526e-05,4.62369167855427e-06,3.33694932231778e-07,0.00409042041610996,0.953036465246981
"TCGA-CV-7089-01A",5.8720869790562e-06,7.02612149608989e-07,0.0453705288821094,0.0106343253327232,0.00546143986854372,0.000473894533895233,2.38350788250457e-07,0.0102600714168149,0.0129401922106484,0.914852734705348
"TCGA-CV-6939-11A",1.81890760830929e-07,1.28589484138122e-07,0.0316805378636527,0.0487740570443871,0.00250153558667291,1.25435727089211e-07,0.533407388355543,0.353223383912905,1.73596566637632e-07,0.0304124877243
"TCGA-BA-4075-01A",2.73967017910353e-07,4.20637799134535e-07,0.0387090106063468,0.0285631748316214,0.0158057370111829,3.6950590586698e-07,0.00318516169285064,4.40621708651016e-07,0.00726313464141717,0.90647227648415
"TCGA-T3-A92M-01A",0.00124454922749383,1.31571366945859e-06,0.0434249320344319,0.206459863732684,0.0248868278352943,1.77162582713541e-05,1.66134064001648e-07,2.69936255281079e-07,0.0325510115031501,0.691413347624686
"TCGA-BA-4078-01A",1.12506206731189e-07,2.73458630591445e-07,0.0541447817431627,0.247563525250629,0.0142285413934554,8.76060270952067e-05,1.35350155725549e-07,1.53374837015671e-05,0.0114841348854011,0.672475551901562
"TCGA-CV-7100-01A",1.47459418221602e-07,0.000226899376092292,0.0967786098492107,0.107075449772441,0.0133604698288241,1.9333611887731e-07,1.23370166462497e-06,1.83316704023754e-05,0.0292013052892536,0.753337359716574
"TCGA-MZ-A7D7-01A",1.40642053264094e-05,1.07100938639962e-06,0.00661091367134615,0.00620752524248452,0.00156113178059772,0.00014567176435116,5.22355686996576e-07,0.00152093710546757,0.00328205751213853,0.980656105353215
"TCGA-QK-A652-01A",2.86766742783723e-07,2.98456471679368e-06,0.0488432720155257,0.0602744263955982,0.0114902775596783,0.000360621856333901,0.0726247306879255,8.92612271831296e-07,0.028199533103866,0.778202974437341
"TCGA-CV-6433-01A",0.00062534951300173,0.0215080433767227,0.0706461755041099,0.0045222966418233,0.0494707388311703,1.87226295351883e-07,6.10435903683552e-05,0.0323478835002807,0.0859135073093837,0.734904774506844
"TCGA-CV-7416-01A",7.43768928053848e-08,2.26182934207439e-07,0.0560619889659908,0.190451378346932,0.0148959719698303,1.02871978639553e-06,7.14371850827399e-08,1.95795592143611e-07,0.00341633910687378,0.735172725097982
"TCGA-CV-A6JY-01A",0.000223097701414917,4.96502429450911e-07,0.0156855485011776,0.00218729826458315,0.00132707782427102,0.000638385125389055,6.5063901370158e-05,1.85689888363405e-05,0.00517740987454358,0.974677053315985
"TCGA-CR-7399-01A",2.59873809028347e-07,0.0051648873000835,0.0823751676752888,0.0448789095705661,0.0554916746954013,7.41687522778413e-08,9.45395718380089e-07,0.0114114672910012,0.061208077183083,0.739468536846296
"TCGA-CV-7568-01A",5.18813549659922e-07,2.67352338294352e-07,0.0390276479401844,0.21863528842534,0.00474830007839434,1.13975998451592e-05,0.0121009285278986,8.08747048306066e-07,0.0102259971753317,0.715248845340069
"TCGA-KU-A66S-01A",0.000111975385620569,7.27022266279662e-07,0.0727902927158716,0.0583097096809571,0.00539502110151229,0.000906921219334666,0.00153143771087687,0.00562037824969895,0.0282189852543308,0.827114551659531
"TCGA-QK-A6VC-01A",0.000948848357715635,0.00506660313405153,0.0415239776889321,0.0481704615041872,0.0135081444255975,0.000208408472439678,5.31779157001038e-07,0.0151021229130449,0.0472921895162126,0.828178712208662
"TCGA-CN-6998-01A",9.66007039735665e-08,3.3620832970926e-07,0.0167585082330045,0.00440264410409285,0.00379107284030521,1.0029696110171e-06,0.00483832434356858,2.18768856858215e-07,0.0069842259861457,0.963223569945382
"TCGA-CV-6941-01A",5.31242063929938e-05,1.8611949739474e-07,0.0415222156949681,0.212154163718615,0.0116894927410675,0.000610595472389477,0.000246714023812906,2.37974054397346e-06,0.0124461154564555,0.721275012826257
"TCGA-CN-4727-01A",1.50659011625891e-07,3.6698656553886e-07,0.0673773478241156,0.0791644038157078,0.00072652335775046,2.13537928567154e-07,0.000244439764111762,7.34244438005265e-06,0.00502497089256298,0.847454240717866
"TCGA-BB-A5HY-01A",1.31530743429012e-07,4.72221976396413e-07,0.0360824061914195,0.0662394197965281,0.00219668099106352,1.33599113082126e-07,0.000275606504443422,2.54510469596418e-07,0.0136629925948408,0.881541902059402
"TCGA-CV-7263-01A",0.000430561469532504,2.7048121870581e-07,0.0469843857978596,0.18092300781686,0.0272659865518917,0.000311309209782232,0.0222643362353417,5.04813038133233e-07,0.0170599567638973,0.704759680860578
"TCGA-H7-A76A-01A",0.0036898191063505,0.00245840749332087,0.0372487389821114,0.202554389421979,0.0790819889433383,0.000416290684668113,3.39987653083369e-07,0.00011816594328029,0.0610821732076188,0.61334968622968
"TCGA-CN-4723-01A",0.00313276544622654,8.82765116245446e-07,0.0749803546019608,0.138862674144868,0.0184828715906803,0.000145123119315324,7.70906394814099e-06,0.000575624777155373,0.0250718425517153,0.738740151939014
"TCGA-CN-6997-01A",5.01734836502136e-07,4.20995712607414e-07,0.0577073709845618,0.0884053644887753,0.00569763256428569,0.000181034378301103,1.82105922418599e-07,0.00229098817052865,0.00739301684246945,0.838323487734607
"TCGA-CN-5364-01A",7.15425868304479e-08,1.05541983108706e-06,0.0368291533140638,0.0743427763539252,0.0151724383325243,8.04274860475276e-05,0.011212811568249,0.000216657498730542,0.0116290510358982,0.850515557448144
"TCGA-CN-A63V-01A",2.28191235272047e-07,2.78057451290492e-07,0.0264274024280549,0.279850975945553,0.00823147340578698,6.67269553743165e-05,0.0003045167987506,3.70871742665466e-07,0.00408268219506511,0.681035345150986
"TCGA-CQ-5325-01A",0.00419004683562273,2.40136275651008e-05,0.0655610182537978,0.125387099708103,0.0682849089548923,0.000405524928351407,0.0644756890415731,5.35168540584435e-07,0.0542144567082476,0.617456706773307
"TCGA-CR-7386-01A",1.8428504257195e-07,4.55398558534066e-07,0.0221128288024882,0.402605589194981,0.0495051053254329,0.00040570293072022,0.00126222450926927,2.68728493801814e-07,0.00803875830691908,0.516068882518095
"TCGA-CX-A4AQ-01A",0.00134895094516173,0.0176251307015962,0.106504630867668,0.0718449442498946,0.0543062172195426,1.73183923004993e-07,4.67292386801108e-05,7.86217748842023e-05,0.0575510754233987,0.69069352639525
"TCGA-QK-A64Z-01A",9.3583090404495e-08,4.8142429744455e-07,0.0381236950712377,0.0420899714391594,0.00421118973212123,0.000101329595916438,2.35902380056415e-07,4.30936598965481e-07,0.0133964602214928,0.902076112093706
"TCGA-BB-4225-01A",0.00271360252706066,0.0250897650194979,0.084769908571937,0.0346114150441135,0.0225528398946794,2.01627260675227e-07,0.000146123540421096,0.00889689727911096,0.0707014165688324,0.750517829927086
"TCGA-CV-7183-11A",7.08820664521316e-08,3.04791017808185e-07,0.00384328121535725,3.39650743679639e-05,0.00108827642841903,0.000174687794267602,2.5735737693543e-07,0.0259141114310823,0.00245755911110551,0.966487485914939
"TCGA-T2-A6WZ-01A",0.0026644424085585,9.82415500012569e-07,0.0194245057643427,0.0298273717658259,0.00628855244796049,8.23048421199219e-05,0.00041407031412494,0.000158712451364319,0.0111935873444358,0.929945470245767
"TCGA-HD-8314-01A",4.83212113327705e-05,5.58094981721138e-06,0.0590620007217392,0.0642566660498431,0.0379621317328458,1.11417080937346e-06,0.0858268037025389,0.125258926534841,0.0258606949349384,0.601717759991294
"TCGA-CR-6473-01A",0.000113381090075683,0.0020026552491305,0.0806747376586052,0.0288933751943835,0.000839432778950355,1.29282766056835e-07,6.18792909157848e-07,0.0020755996295316,0.0247823343338644,0.860617735989783
"TCGA-CN-A642-01A",1.82522859305738e-07,0.000457879930608846,0.0682277113456971,0.0417666286467884,0.0360861267443884,0.000179384221808924,0.0132041979752815,2.32709426866894e-07,0.0280436467995876,0.812034009103553
"TCGA-BB-A6UO-01A",1.3702598965383e-07,6.12433275930421e-07,0.0410700912347044,0.110191072532977,0.00782810739983321,2.92358244881493e-07,7.24808759995192e-07,5.04572236678584e-07,0.00467209950275903,0.836236358131219
"TCGA-DQ-7591-01A",0.000900039807077286,0.0107693547836478,0.0690760990289711,0.0107162947883504,0.0190053436035778,1.80275162783032e-07,0.000746323466361293,3.33430477925279e-05,0.0848155617762203,0.803937459422839
"TCGA-CR-7398-01A",2.20467599296937e-07,3.9596037391155e-07,0.0487769943422982,0.144996432770751,0.0111873928360978,0.00156550313388204,0.000126394044316324,3.72973799484895e-06,0.0175839424400886,0.775758994266598
"TCGA-HD-8634-01A",4.77350230761104e-07,2.20694218704138e-06,0.0231327275160562,0.00783778786064346,0.0026689106941473,0.000113482411535138,0.00183255916435747,0.00175465938943551,0.00962663016973106,0.953030558501676
"TCGA-CR-7372-01A",4.15180930438936e-06,2.0639522368977e-07,0.0523341681745708,0.147429557503807,0.00451464835571993,0.000880538818859346,0.005712204013639,3.42829192381314e-07,0.00677597709095552,0.782348205008728
"TCGA-HD-8224-01A",1.38490304232973e-07,4.87049821929701e-07,0.0677955051050695,0.0915195835981597,0.00892099321798154,5.43518426808546e-05,0.18164618450332,0.00309814690209243,0.0131741001699606,0.633790509120609
"TCGA-BA-4074-01A",1.57382961468474e-06,3.20461866521716e-07,0.019842610723805,0.12437991968606,0.00689220714575587,1.25264557817597e-05,0.000486937123904107,1.42463204042717e-07,0.0052110646962248,0.843172697413784
"TCGA-CV-6961-11A",1.01138251304095e-07,2.84342447926982e-07,0.0120978697905245,0.008225187461147,0.00180445971518187,0.000277658601835098,0.0196074897813764,0.0186600074331022,0.00260058240766718,0.936726359328467
"TCGA-BB-A5HZ-01A",0.000125132366805832,3.57216393910878e-07,0.0314440563971456,0.0539221622698543,0.0017355870725488,0.000120447300867303,0.000291216597023651,4.56988887950124e-07,0.00568769901819196,0.906672884772281
"TCGA-CQ-5332-01A",4.5865538840686e-05,4.30105941484372e-07,0.0300118363092833,0.126364798986841,0.011013610315459,0.000202654465592869,9.07702774799872e-06,3.33209805269755e-07,0.00557289676031326,0.826778497280175
"TCGA-CR-7380-01A",8.28759001399728e-05,3.53690122207845e-07,0.0551037092071983,0.157534223992215,0.012341512823817,0.00127041270344805,1.23891818992369e-07,4.35489007135257e-07,0.0117686663919861,0.761897685910247
"TCGA-CV-6936-01A",0.000746986624537498,9.95671677202644e-07,0.053100105762601,0.0521517127617037,0.0110036431551714,2.2411429007136e-05,1.55150663437729e-05,1.81981173770738e-07,0.0336241898785086,0.849334257669276
"TCGA-MZ-A6I9-01A",0.00310560880167851,7.26242989414393e-07,0.0340596054024047,0.00381654630313926,0.00183947789053165,0.000141936561003163,0.000813825531103697,0.0608074370610593,0.0117977760211824,0.883617060184908
"TCGA-QK-AA3J-01A",0.000448137492187403,6.18858601718666e-07,0.0687563602249604,0.00787490801199223,0.000838453571707559,9.42981578492906e-05,0.00175691934908218,0.0315976317668385,0.0383165628181244,0.850316109748656
"TCGA-BA-4077-01B",0.000107854500854709,0.00159626537095856,0.0693217484235086,0.0354758895744285,0.0397413953440984,0.000455433875634928,0.00112938676057534,0.00430695061804621,0.0330267964640004,0.814838279067894
"TCGA-CQ-A4C7-01A",1.51455444738449e-07,6.15184212759654e-07,0.0767533492562777,0.168684409863843,0.00800499211688506,2.4102582564217e-07,0.00921498246489122,3.40275608357921e-07,0.0086095899641852,0.728731328392826
"TCGA-CV-7422-01A",2.56480014101164e-05,2.03459366262397e-06,0.0519411697629901,0.0714783184930735,0.0116993172949933,6.23600541332524e-05,0.00184089310039477,0.000700645074041465,0.0209586767530476,0.841290936872253
"TCGA-CQ-A4CB-01A",3.28687975065744e-06,6.19565165841474e-07,0.0724797222950808,0.168416389514049,0.0165736325925072,6.92638031984107e-07,1.57351249309283e-07,0.00934501106229882,0.0187632318605706,0.714417256241296
"TCGA-F7-7848-01A",0.000905668377543987,4.9112391218297e-07,0.0663916501942213,0.067763601697873,0.0123148056095461,3.32812762062141e-06,1.54248030317851e-06,0.0796034009152026,0.0331754865849885,0.739840024888789
"TCGA-CR-7392-01A",0.00422101016752139,9.78197250666146e-07,0.0980524309090132,0.234711790880862,0.0319056915495725,0.000692460342856132,0.00137394958682909,3.16135493083095e-07,0.0392425857236826,0.58979878650692
"TCGA-CV-7178-11A",3.03208436151455e-07,3.30283579071452e-07,0.0213186228699986,0.0142906679588381,0.00681550726379309,2.0335098990803e-07,0.0034314131023601,0.503864832447604,0.000183347494735013,0.450094772019666
"TCGA-QK-A6VB-01A",1.23129447882313e-07,1.87248824743298e-07,0.0267633071826418,0.0580022804916876,0.00288303605209873,2.13319501003992e-07,0.000300974974160586,0.00769329323433902,0.00487005996948194,0.899486524397817
"TCGA-CX-7082-01A",2.16371013711973e-07,5.45863774136601e-07,0.0457020560028576,0.0700576736036939,0.00980881955021188,3.05783190028191e-06,0.0185392249865434,3.69292380330876e-07,0.0137040899463622,0.842183946551262
"TCGA-CV-7414-01A",7.41511352270213e-08,3.46833583681248e-07,0.0277249583321308,0.109638756295434,0.00157896357256734,0.000240406243535806,0.00385826805727655,0.00307954398471007,0.00925723641781819,0.844621446111808
"TCGA-CN-A63W-01A",2.7450938033795e-07,9.3829409166106e-07,0.0474854730128684,0.0230400526729051,0.00221001426113728,3.97891777540137e-05,0.000902249688663429,0.0103191380604087,0.0157276054538705,0.90027446486892
"TCGA-BA-5557-01A",7.58032916772218e-08,1.45294071541867e-07,0.0203573373011212,0.220407827548833,0.0827980377351544,0.00018028982857176,3.87400753317508e-06,1.68397077325235e-07,0.00592135795566661,0.670330886128679
"TCGA-CV-7435-01A",0.000692063681089946,1.79067177181814e-07,0.0327410203749469,0.344135583579637,0.0210055481161801,0.000184502982643624,0.00290017401576806,2.51387264188261e-07,0.0100144762577893,0.588326200537503
"TCGA-UF-A7JT-01A",0.000459048705834435,1.12945676574605e-06,0.0419004472441785,0.0498431042952193,0.0623954796730541,2.11171916368737e-07,0.0001310527653934,3.92689123222237e-07,0.041039923252238,0.804229210746277
"TCGA-QK-A6IF-01A",0.00277448800563614,0.0269227308513916,0.111635272484809,0.0528190821065194,0.0184523033032817,7.39602023793433e-05,0.000589884473144069,0.0178471054952294,0.131011003733309,0.6378741693443
"TCGA-QK-A6IJ-01A",2.03683849282156e-05,1.16207334271967e-06,0.0136850920135631,0.00148969188425541,0.0135206313342985,0.000202894719176552,0.000183691529860149,0.000648283004656622,0.0104300706899663,0.959818114365952
"TCGA-CV-7248-01A",0.00425423601930106,4.07057964700042e-07,0.0994769981787224,0.0870776304739837,0.0146310280949769,3.90307780623849e-07,0.0011937745316845,0.0533732798662143,0.0297949038217787,0.710197351647593
"TCGA-CV-7101-11A",9.235762254872e-08,9.48225089037765e-08,3.2044741850393e-07,1.02357454633534e-07,5.89370010452013e-06,8.01838608238632e-08,1.0457836821087e-07,0.456247984373962,1.87576690298706e-07,0.54374513960201
"TCGA-H7-A6C4-11A",2.19261699714322e-07,3.84531405418757e-06,0.0130858948619497,0.0179528251152724,0.00312684884278939,0.00114383961899815,0.452155364515427,0.00591693340274724,0.00581233172218193,0.50080189734488
"TCGA-CV-6942-01A",0.00280149139407207,5.54760133932731e-05,0.107057747540238,0.111121630606168,0.0450058101384579,0.000355721338363772,1.13288970400082e-05,0.0716628301109542,0.0489762401140251,0.612951723847288
"TCGA-RS-A6TP-01A",1.43347125596988e-07,0.00105053299749353,0.0404610552109301,7.72238106916638e-06,0.00313391879266359,1.84751424626597e-07,8.19301053705677e-05,3.43181382558911e-06,0.037776303176135,0.917484777423962
"TCGA-CV-7091-11A",9.25283383313743e-08,1.91746746670967e-07,0.0754436056441861,0.112796411438353,0.00343019463094906,0.000150709933628502,0.715141253897836,0.0243612920314728,0.000456978977084084,0.0682192691714059
"TCGA-D6-A6EM-01A",0.000665055284562364,0.00021823569752109,0.0313967517107407,0.0079630201391246,0.0481692583000031,0.0001518194257747,0.105677638393275,2.86131055907141e-07,0.0209245939927076,0.784833340925235
"TCGA-CV-7101-01A",0.00390463142073564,8.63873396787056e-07,0.0678394749920519,0.0555047150165267,0.0238613715352432,9.09089319565122e-05,5.21181523353341e-05,0.0359529652461685,0.0207756550026694,0.792017295828916
"TCGA-CR-7371-01A",0.000147786623793758,3.69378200511669e-07,0.0770526192805251,0.105294955106394,0.02090693863102,7.79025720246041e-05,0.000490095295345312,0.132039940616888,0.0320275087186473,0.631961883777161
"TCGA-CQ-5329-01A",0.000154975571368614,1.04100531174787e-06,0.0637656051202244,0.131757442579255,0.0413862624012917,0.00016315454057192,0.0029907852240958,5.21175314539451e-07,0.0141187221014919,0.745661490281074
"TCGA-H7-8502-01A",1.67115015879652e-07,7.70414281604899e-07,0.0638206662855294,0.0835481430640586,0.00800229738849903,2.35678885961236e-07,0.000115571527254416,4.00575871747494e-07,0.00803734729530094,0.836474400655302
"TCGA-CN-6989-01A",1.37047453693804e-07,2.33303672173251e-07,0.0665220377600555,0.3409388121656,0.0606298013006443,0.000114314331186181,0.0146879129768313,2.10602210155985e-07,0.0118748504601167,0.50523169005223
"TCGA-CN-5360-01A",0.000988393916833018,0.00058749643696891,0.0929131850193589,0.069454993313236,0.0549704292425889,2.39474692529365e-07,0.0247623096860775,0.221589715753007,0.046491144848505,0.488242092308733
"TCGA-CV-7097-11A",0.0016186479804205,4.01357664603432e-07,0.0982283601654649,0.175177619231438,0.0366347598972148,0.000430938720622848,0.335718078982492,0.276844762005264,0.00421572934843578,0.071130702310983
"TCGA-CV-7429-01A",1.32107544021051e-07,1.68431457419621e-07,0.102186741097259,0.128182556800763,0.0206604200826644,7.6715305829609e-08,0.00376974698677788,1.6812312414954e-07,0.012821753656309,0.732378235998794
"TCGA-H7-A6C4-01A",0.000374754159939632,8.34199185997125e-07,0.0274997323204097,0.0314858299439037,0.00699506562057894,0.00115188767360632,0.0744058552971593,7.8703738427976e-07,0.0128866359445383,0.845198617803294
"TCGA-BA-5153-01A",0.00110753093811598,0.00628933635678772,0.108337515795198,0.0387642552042336,0.0125955835408291,2.31579187156061e-06,3.07223505051766e-05,0.00306432970232851,0.0741285627006315,0.755679847619499
"TCGA-BB-8596-01A",1.65083417858496e-07,6.63196168911719e-07,0.0883918544629525,0.311914064027927,0.0328048233482419,5.32354130283201e-07,0.00449286369471062,0.136806560958252,0.0092464282829131,0.416342044591286
"TCGA-CR-7369-01A",0.00049182297456479,3.19469244843925e-07,0.054718752577104,0.0881316771780694,0.00521792994215297,0.000639754989032277,8.25721392288194e-05,0.0013183422770892,0.022948831576254,0.82644999687726
"TCGA-CQ-7071-01A",0.000327878270810604,9.17891343234783e-07,0.0268004618757118,0.0798496651520999,0.0174435226381266,9.69686343138571e-05,1.84764285656823e-07,7.74331404507686e-07,0.0125555087909239,0.86292411765098
"TCGA-BA-A6DB-01A",0.000198626792705412,0.000943058628938904,0.0457064539296709,0.0849243378868008,0.0286251757912724,0.00212950614796877,0.0672804466767193,0.00673796689237025,0.044898948468074,0.718555478785479
"TCGA-CV-A6K1-01A",1.13060316399646e-05,4.23375070569772e-07,0.0227501143547672,0.0162918360716339,0.00751286611423962,0.000120068213941899,2.86467050794001e-05,3.73485419914944e-07,0.010589624390876,0.942694741257332
"TCGA-MT-A51X-01A",5.12922514685602e-05,4.41481738140691e-07,0.026792247773584,0.0618749528124574,0.00250912905222615,0.000334656339586191,0.00542529090508474,7.86682466934854e-07,0.00791111136052224,0.895100091340866
"TCGA-4P-AA8J-01A",0.00101076215337606,7.92157915508912e-07,0.047302286594436,0.261782462821212,0.0220392930330565,0.00034050611478128,0.0162955014954398,5.71139029802825e-07,0.0116788284742439,0.639548996016509
"TCGA-CV-5439-01A",1.95600557439945e-05,0.00129841875921078,0.0390386316679414,0.00566061734407912,0.01028298387561,0.000120401720578246,3.02335523142553e-07,0.00513361780183652,0.0182475044113897,0.920197962028087
"TCGA-BA-A4IF-01A",8.03586560979447e-07,5.35945087331189e-07,0.0347989748643396,0.0497235542860374,0.00107483830276953,3.94285831767767e-07,0.00316775294486928,0.0140870244912101,0.00915841240878823,0.887987708884506
"TCGA-D6-A4Z9-01A",7.33682923747464e-05,5.56039883417734e-07,0.0552366816068298,0.0417139617749014,0.00650578569257284,0.000135354814888921,0.00471779717132488,3.57269590775519e-07,0.0163960551667802,0.875220082170853
"TCGA-CV-7437-01A",2.24070729554631e-05,4.00164018510601e-07,0.031527879749113,0.0251894467615771,0.0107679722151595,0.000116570916148838,1.24497779451236e-05,0.000341608025613177,0.00729659382289441,0.924724671494575
"TCGA-CR-6484-01A",0.00166017405639277,0.000720551827681487,0.0733816086442067,0.184678175432363,0.0783181660168032,0.000269921082301226,1.7553110251831e-07,1.89783962266192e-06,0.0369107375349026,0.624058592034624
"TCGA-CV-7245-01A",1.10909773809455e-07,2.16965964717119e-07,0.0328342388615482,0.0975740238086602,0.00206179616846466,0.000235000273147603,1.6141628814292e-05,3.03426471567677e-07,0.00842854754241543,0.85884962041474
"TCGA-CQ-5327-01A",1.89064508382871e-05,2.03929110246891e-05,0.0448356159892572,0.0192184094192059,0.0445031949754505,0.000119231465437772,0.0063561322175483,6.15209359704908e-07,0.0282951586136073,0.85663234274827
"TCGA-DQ-7588-01A",1.28545659882238e-07,2.88242399063954e-07,0.0115668763520028,0.00091963416583669,3.03667337990653e-07,6.66882570447372e-06,1.07697150562132e-05,3.96337778084335e-07,0.00100205960804904,0.986492874540176
"TCGA-CR-7373-01A",0.000669306873515092,4.3396967128248e-06,0.0839865248154952,0.0205539321095174,0.0323136374803165,1.67274260763287e-05,4.99092555119135e-07,2.86232051688093e-06,0.0451053172711821,0.817346852914112
"TCGA-CX-7085-01A",0.00344653733254466,8.95537470821077e-07,0.074428761030869,0.256876142372264,0.0489941709271993,0.00143018774561292,0.0233352280047884,1.35097593144182e-05,0.0442490540019905,0.547225513287945
"TCGA-F7-A50J-01A",5.17617517737769e-05,1.33408620640914e-06,0.0203526168641751,0.0401597861944488,0.00490490539382647,0.000185917960719604,0.000522093521139556,1.00672421498513e-06,0.0140174098813265,0.919803167622169
"TCGA-CQ-6228-01A",0.00018153488417262,3.43160552876756e-07,0.0369154971146649,0.0734457596831066,0.00814259875887279,6.36464341962729e-05,3.21318305035475e-05,8.45353992524129e-05,0.00910531393753965,0.872028638797138
"TCGA-CQ-6222-01A",1.11838439558615e-05,5.06613204979049e-07,0.0325153143623584,0.0226251370017859,0.065624350785693,3.30666961260339e-05,0.266827069932978,0.00079212617040406,0.018958071228673,0.592613173364821
"TCGA-IQ-7630-01A",7.73022254478721e-08,6.21108092177273e-07,0.0396879961022268,0.0799697990663938,0.0144623262713801,5.66643432679442e-07,9.5002827857579e-05,1.80036851025636e-07,0.0187479597116358,0.847035470929904
"TCGA-CV-7103-11A",1.409106276062e-07,4.22438643589935e-07,0.0256458684732776,0.0128276460062964,0.00293250435549938,0.000334135190128518,0.0306233255675771,0.0251976539947644,0.00894684833075897,0.893491454732426
"TCGA-D6-A6EP-01A",0.000830413303546807,1.97597932136966e-07,0.0298406724542133,0.284931919017747,0.00713766645785515,4.62095861188796e-07,0.000195376184988998,1.53249190907787e-07,0.00154080243081145,0.675522337207853
"TCGA-CV-7250-11A",6.63231552570361e-05,8.31125235215115e-07,0.0175656008232639,0.00221987077812896,0.0088667233452734,0.000180277196005825,0.293247654696998,0.0205510095660666,0.0241647695973467,0.633136939716424
"TCGA-D6-6825-01A",4.34344599368371e-06,1.45161436273984e-06,0.0704180331382987,0.0776169529069453,0.0341685578424288,0.000253325507674711,0.00656012992291868,2.68532058021225e-07,0.0523430708654277,0.758633866223892
"TCGA-CV-5432-01A",0.000521560932847634,4.07456531838309e-07,0.029168886959997,0.0339223926894452,0.00709210126002169,0.000253408011039065,0.00134205566613722,0.0236026395476155,0.00499862238618115,0.899097925090184
"TCGA-CN-6013-01A",0.000234298067654877,0.0034433888484486,0.0667318352144073,0.0282902306675459,0.0768610809972173,6.40048479354281e-05,0.00527358301386987,1.07643801084757e-05,0.0600207269298006,0.759070087033012
"TCGA-CV-6939-01A",0.000493409295798607,0.00687347921390993,0.150616377492453,0.0777424418166481,0.0220250152577561,7.97575110002389e-05,2.16340981390071e-05,0.083408173324227,0.0606666333345406,0.598073078655528
"TCGA-CR-6477-01A",0.000243453311851628,2.2313149045602e-07,0.0482571140834552,0.174953012021092,0.0316145407125972,0.000314568437904096,0.000510599824756384,1.39613673978279e-07,0.013001962054702,0.731104386808477
"TCGA-WA-A7H4-01A",0.000110717512304886,5.04456387478998e-07,0.0672401252728616,0.180636293296249,0.00506438164448548,3.23040649487863e-07,0.0416766350394036,0.17914074478404,0.0152864371977357,0.510843837755883
"TCGA-CN-5358-01A",0.00263765882117118,5.16571371910511e-07,0.083846676064772,0.354842870058354,0.0597566250811265,0.00158379896660436,0.0156212479679906,4.88868450605164e-05,0.0430972186927642,0.438564500930785
"TCGA-CR-7397-01A",1.01986527716083e-07,2.12721117894469e-07,0.0308743445964844,0.372870504231446,0.014691414608564,0.00118312304830565,0.00385065141174058,0.00274201655237975,0.00724179471265705,0.566545836130777
"TCGA-F7-A61W-01A",1.21941649328898e-07,5.185966381661e-07,0.0471259421124528,0.00953975989114908,0.00151306821894371,3.48799040177195e-07,0.00582585848711945,4.01011649267121e-07,0.00384446878956795,0.93214951215179
"TCGA-BA-5558-01A",2.31150886689344e-06,3.42820232604511e-07,0.0503520380842147,0.0328974655998773,0.0225774713393149,0.00174233669123631,2.03865885396555e-07,2.75039695462847e-07,0.0191907568157152,0.873236798234961
"TCGA-CV-5976-01A",1.13611019057496e-07,2.26507897724878e-07,0.040508300101085,0.0725158357636376,0.00561459908316084,2.16862058437656e-06,0.0255666485924608,1.92402757932302e-06,0.00695973453175862,0.848830449160817
"TCGA-CV-6954-01A",9.85019892827802e-08,2.31191542569684e-06,0.0420879133733544,0.0900310077957968,0.0279681445141854,1.19068086275787e-07,4.5914576831892e-05,3.20696839121148e-07,0.00739182812095894,0.832472341436532
"TCGA-CR-7395-01A",0.000637728112978785,1.91393505127841e-05,0.0663659882470306,0.0909721462394594,0.0391370398347566,0.000589502142650781,0.000110629317538274,9.36722555222629e-07,0.0410006978116547,0.761166192220863
"TCGA-CV-7411-01A",0.000133736975271955,3.37320316248112e-07,0.016651290521185,0.0664591076671977,0.00297142423199868,0.000172437032377008,1.19059862052535e-07,8.3262524614272e-07,0.00476758046984274,0.908843134096702
"TCGA-D6-A6EQ-01A",0.000173763579439528,1.19619868561631e-06,0.027063495325557,0.0805340956074312,0.016554271766458,0.000314303822675374,4.45740321335166e-07,9.67774439720666e-07,0.00985447560345194,0.86550298458154
"TCGA-CV-7095-01A",5.01428420691019e-05,9.25947706522029e-07,0.030924391909955,0.0379639672503323,0.00824209036060081,2.47745390807547e-07,0.00965921475423991,6.85362705405042e-07,0.00871814054774665,0.904440193279254
"TCGA-CV-A463-01A",0.000218576362339128,4.97563203677647e-07,0.0211460757515396,0.00888430360710285,0.00164018326556104,6.7568568855101e-05,1.59688379750094e-05,3.97786534435557e-07,0.0102575574281132,0.957768870828776
"TCGA-CN-4722-01A",0.000907415080424003,2.1277000214226e-07,0.0518317826622052,0.10915197875384,0.00340427638925126,0.000191443562697795,1.62297786406695e-07,0.0116858438781883,0.00687633373905679,0.815950550866548
"TCGA-QK-A8Z7-01A",0.000306873118751477,6.66335444083436e-07,0.0405500149188999,0.0456862013081386,0.00376279270169308,0.000158703268982723,0.000277374568387587,0.000802194026590187,0.0164415585707332,0.892013621182379
"TCGA-CV-6961-01A",6.64692425177153e-08,1.38919061632792e-06,0.0842669582872485,0.106612086060637,0.0197102336885324,7.70757297342266e-08,0.0809675084649145,1.93468304584242e-06,0.00886359399365462,0.699576152086378
"TCGA-CN-5365-01A",2.09670536342265e-07,3.85685920880703e-07,0.0252913943843624,0.0113656522949739,0.0212025388151726,6.52253870278616e-06,3.74499040687071e-06,4.11951026544117e-07,0.013726408016267,0.928402731652631
"TCGA-CR-5248-01A",0.00477607893921833,0.00312047730491505,0.0447457118862529,0.0161738484377076,0.0652368826791343,5.3193924874822e-05,5.47288576410275e-06,0.00300123607085672,0.145899622409814,0.716987475461462
"TCGA-CV-6962-01A",1.69891828686452e-07,2.55170202701182e-07,0.0572637036476992,0.0379468043592007,0.00293069526661585,1.69503236329379e-05,0.000594972573874221,0.000141121895679628,0.00260241198716412,0.898502914884102
"TCGA-D6-6517-01A",0.000744544301499798,2.60565056617388e-07,0.0579161736015574,0.0383960122551268,0.0158387254381261,1.70629785224949e-07,1.53386078098992e-07,0.0188078562183542,0.0147544915762759,0.85354161202814
"TCGA-CR-6491-01A",0.000273176159367046,6.12706462377021e-07,0.0254272953912866,0.0331671244917004,0.00124873265573987,0.000185749953354559,0.000309289390846317,4.63369743950968e-07,0.00870971542296935,0.930677840458529
"TCGA-CV-7242-01A",0.00400731787277073,0.00168270796986516,0.0592201074513354,0.0185613491815932,0.0143743453278801,0.000484662495639756,3.88074082172135e-05,0.119310393365567,0.0484138725788519,0.733906436348279
"TCGA-CV-A45R-01A",1.18560973778382e-05,6.22276632582974e-07,0.0505144615146642,0.0826575106104097,0.0139610567873594,0.000512731952426022,0.0139907942913295,5.46739900971382e-05,0.018010534719315,0.820285757760388
"TCGA-KU-A66T-01A",1.61885502035485e-07,4.98285038604356e-07,0.028679195686659,0.0125405119003253,0.000485044298132531,6.67008449555314e-07,4.0072666920829e-06,4.49215211404078e-06,0.00647981593156941,0.951805605585518
"TCGA-BB-4223-01A",0.00101476072760955,0.00430826434845777,0.0857337428385735,0.0447029462667989,0.0160707971707782,8.43299384287337e-06,0.000172465741522946,0.00443080608710982,0.0776241467644876,0.765933637060819
"TCGA-CV-A468-01A",0.000869936528054839,3.2831745837238e-06,0.0283124326271558,0.169583828401534,0.0292700583681778,0.00116256150267129,0.0117531928448619,0.00771184226666718,0.0433367289334842,0.707996135352809
"TCGA-D6-6516-01A",6.33911929510857e-05,7.88020055412589e-07,0.039775210223121,0.0188414340749765,0.00918954782357374,0.000706413960385338,1.94766344915058e-06,3.85518526167581e-07,0.0207673188846221,0.91065356263834
"TCGA-CQ-6219-01A",5.62862218389708e-07,0.000243356531618276,0.0427850892932537,0.117002428882725,0.0584271411031149,0.000184058587543837,0.00420125130753898,0.000228819991681155,0.0290519504454333,0.747875340994873
"TCGA-CR-6467-01A",0.00301895696967187,0.00841563708617727,0.0857859434711683,0.0369908936183801,0.0221949986045686,3.78060930280647e-05,0.000200818765276667,0.00103850277117381,0.112492945974892,0.729823496645663
"TCGA-CN-A497-01A",0.000621574946405406,5.8248496012696e-06,0.100707133050318,0.102693223426601,0.0113278021007955,0.00026205830799614,1.21349833501152e-05,0.00274732946713269,0.0272721121814329,0.754350806686366
"TCGA-HD-A6I0-11A",0.000331217419690105,3.32801786825995e-07,0.0706938323474551,0.139689566068078,0.02733088308972,0.00217240981149223,0.160030836119725,2.0400613782403e-05,0.0109039537452637,0.588826567983007
"TCGA-P3-A5QE-01A",3.34171252398787e-06,0.022974092900416,0.0626966874110094,0.0085750341209394,0.00473244465905442,1.62050896940396e-07,9.07940185181223e-06,0.0123720535357288,0.110038879533572,0.778598224674007
"TCGA-CV-7102-01A",8.38801590701862e-08,1.44488730330888e-07,0.0628272332641275,0.156953380002394,0.0229379148986729,4.58558934737984e-07,0.0288676331396733,2.56745227513302e-07,0.00611317170222658,0.722299723319854
"TCGA-CV-5443-01A",0.0046590757914319,0.00787410380362867,0.0923775301022364,0.0665611655072338,0.0492037689314921,3.65210953485572e-05,7.08706003553822e-05,0.000781558309807933,0.0619656684257998,0.716469737432666
"TCGA-CR-7377-01A",0.000151443806179934,9.3744886876741e-07,0.0964662089582192,0.20972100495425,0.0387325627356251,0.00160606245655243,0.0227712611933573,0.000113523428368253,0.0431519063870717,0.587285088631508
"TCGA-CN-6016-01A",1.01188465678165e-07,2.08702730451359e-07,0.0188302504660818,0.470359872275007,0.0255097414482511,9.49237643054855e-05,0.0924251517213014,1.445964095822e-07,0.00431340513250777,0.38846620070494
"TCGA-BA-A6DG-01A",1.68732685978154e-07,2.14759188574514e-07,0.0620473682577581,0.334207500187079,0.0223408217641108,1.88331111863878e-07,0.0181696294193594,1.52260115767922e-07,0.00828529598258568,0.554948660306005
"TCGA-CQ-A4CD-01A",1.31835155199808e-07,0.00288813349569345,0.0590642192836253,0.025980451698825,0.0270721712742332,1.43355969032812e-07,1.36789857865647e-06,6.41209209369195e-07,0.0292227110423702,0.855770028906341
"TCGA-F7-A50G-01A",0.000236919721825211,6.3694488624919e-07,0.0328221317120466,0.0375323983728868,0.0180921398851184,0.000466250255679476,0.000967097738484588,0.000172781530173208,0.0263959435781524,0.883313700260747
"TCGA-T2-A6X2-01A",3.45721846383667e-07,1.71325856370577e-06,0.0309202264632145,0.084881328557835,0.0186826273007501,3.90642548120407e-07,8.86845889042793e-06,5.44023663534969e-07,0.0189112016700609,0.846592753902627
"TCGA-BA-5559-01A",0.00102053923052949,0.0103324696210611,0.0982587317501889,0.113997308824906,0.0784807389812845,0.000120677273806836,0.0747575327026083,0.000976152272772604,0.104893480295918,0.517162369046924
"TCGA-CN-6021-01A",0.00160322612392285,3.73755473017652e-07,0.0629615255603946,0.0240754843278777,0.00421442849104299,6.03508729890197e-05,2.78031386372136e-07,0.00826957752473356,0.0114041402637143,0.887410615048466
"TCGA-CN-6020-01A",0.000118221858693135,8.56577269304126e-07,0.0485815195220974,0.13645050207724,0.0137182093328406,0.000225893525069362,0.000334303129976275,2.75718420314589e-05,0.0136754650276464,0.786867457107136
"TCGA-BA-A6DJ-01A",3.34684297998492e-06,0.000541337433056906,0.036499512556206,0.0232690645596074,0.0212199061027442,0.0001300892570004,2.88922827424581e-07,7.7322522397931e-06,0.0257382620354291,0.892590460037909
"TCGA-BA-A6D8-01A",0.000253637488156817,6.25705383770512e-07,0.0290428991487191,0.0630174422581137,0.00955408903270025,0.000459634228978607,0.000184180198199263,3.52771312985116e-07,0.00329761129688403,0.894189527871551
"TCGA-CR-7376-01A",0.000570135733636695,8.97002624686174e-07,0.0701482554175797,0.500231265030921,0.0962946273365622,0.000607227059167203,0.00528481982775053,0.0172038846324895,0.0395366135256494,0.270122274433619
"TCGA-HD-A633-01A",1.19194552099063e-07,3.79248979372013e-07,0.0322904687357308,0.0488919116966553,0.00428028291745275,2.27181244342538e-05,7.39840190012198e-06,5.13137517830029e-07,0.00513246278527733,0.9093737457575
"TCGA-BA-6871-01A",4.50936447281145e-05,2.56452654395996e-07,0.0794469447988736,0.226750305688761,0.0112954856910108,0.000277852482482134,5.14135051880443e-06,2.21072123789204e-07,0.0224608144043437,0.659717884414503
